Mean pitch,Standard deviation,Minimum pitch,Maximum pitch,Mean intensity,Minimum intensity,Maximum intensity,Number of pulses,Number of periods,Mean period,Standard deviation of period,Fraction of unvoiced,Number of voice breaks,Degree of voice breaks,Jitter local,Jitter local absolute,Jitter rap,Jitter ppq5,Jitter ddp,Shimmer local,Shimmer local dB,Shimmer apq3,Shimmer apq5,Shimmer apq11,Shimmer dda,Mean autocorrelation,Mean NHR,Mean HNR,Audio Length
141.150,19.992,106.116,259.951,58.818623920955,34.94648682095701,75.47506944450235,160,157,7.070414E-3,0.973989E-3,48.000,2,23.475,2.005,141.769E-6,0.713,0.935,2.140,14.256,1.249,6.344,8.663,11.693,19.031,0.862111,0.183274,9.144,2.28
143.290,58.711,78.342,431.763,60.7271005112435,30.539875294685984,74.81647140004021,331,317,6.970116E-3,2.128352E-3,34.383,13,36.147,2.249,156.731E-6,0.963,1.154,2.890,12.609,1.225,6.040,8.631,14.304,18.119,0.817695,0.274622,8.073,3.84
143.279,86.942,80.471,598.511,59.77327790696201,30.662974092275824,76.83368119655842,441,413,7.043855E-3,2.727371E-3,38.995,21,35.260,2.789,196.433E-6,1.026,1.311,3.077,12.906,1.241,5.348,7.106,11.514,16.043,0.810008,0.281131,7.546,5.8
143.529,40.959,84.319,288.729,59.161193028310095,31.1239872468739,75.78172545620038,519,490,7.012071E-3,1.738772E-3,37.519,19,32.397,2.641,185.185E-6,0.990,1.098,2.971,11.796,1.072,5.280,6.927,10.901,15.841,0.835219,0.244015,8.817,6.72
140.952,45.640,81.769,292.571,57.20505430727851,28.474984238605323,76.14345780540927,900,855,7.110931E-3,1.944432E-3,44.636,33,36.471,2.613,185.834E-6,1.126,1.217,3.377,11.988,1.174,5.307,6.935,12.496,15.920,0.831990,0.250718,8.906,12.8
140.759,48.993,87.513,512.857,59.796131107324946,30.894517194579635,75.76263055221902,747,716,7.189918E-3,1.915133E-3,37.570,21,26.272,2.419,173.907E-6,0.851,1.042,2.553,13.174,1.198,5.528,7.823,14.160,16.583,0.841958,0.227434,9.196,8.92
148.415,47.155,86.324,571.300,59.929739541616,29.189078814514986,76.72334961062083,966,937,6.783284E-3,1.722580E-3,35.682,22,31.394,2.502,169.696E-6,1.013,1.174,3.040,11.742,1.113,4.943,6.925,12.370,14.828,0.865985,0.193293,10.350,10.96
142.491,40.979,77.171,473.089,59.685495860578314,29.824850973362427,76.85017823480409,1027,994,7.095032E-3,1.676431E-3,37.309,25,28.832,2.175,154.311E-6,0.816,0.947,2.449,10.877,1.052,4.263,6.048,10.665,12.790,0.874712,0.182810,11.171,12.44
145.387,40.886,75.942,579.735,59.768259454760894,28.98018769064961,76.17717035727402,2479,2384,6.902117E-3,1.468021E-3,38.814,80,41.611,2.288,157.896E-6,0.846,1.045,2.537,11.625,1.104,4.711,6.696,11.807,14.132,0.861662,0.197222,10.111,30.56
138.778,32.968,75.291,276.254,66.26098835981513,40.284103616147924,76.3231512900164,787,756,7.243779E-3,1.514293E-3,18.693,20,24.320,2.123,153.773E-6,0.798,0.978,2.394,11.912,1.123,4.728,6.773,12.398,14.183,0.868019,0.186787,10.291,7.68
159.739,48.509,89.114,263.702,41.99581391631143,30.007709136810547,75.9044245198565,102,98,6.530182E-3,1.989085E-3,79.822,2,3.827,3.415,222.974E-6,1.212,1.458,3.635,12.091,1.165,5.336,9.670,16.090,16.007,0.773396,0.389445,7.081,3.4
155.274,43.924,90.530,331.802,59.01874255996942,29.865802576284256,76.95279404602928,612,579,6.471225E-3,1.534875E-3,42.838,27,39.134,2.672,172.926E-6,1.065,1.172,3.194,11.228,1.046,4.932,6.510,13.028,14.796,0.843746,0.238325,9.957,7.36
164.144,68.331,74.848,547.081,58.31072280099612,30.76740060118468,76.07250271557677,1071,1007,6.213741E-3,1.978052E-3,46.137,49,46.150,2.893,179.767E-6,1.179,1.312,3.538,12.541,1.179,5.624,7.237,13.550,16.872,0.826147,0.257273,8.585,13.88
151.511,52.606,89.789,553.690,58.60380669391678,28.931464091767126,75.91158984633286,1150,1099,6.682647E-3,1.653245E-3,39.206,34,34.341,2.432,162.512E-6,0.970,1.121,2.910,12.640,1.149,5.631,7.464,11.639,16.893,0.849956,0.220615,9.581,13.88
139.232,32.318,84.660,282.252,59.446405183821994,29.665100102639972,76.39619530363562,1118,1087,7.199937E-3,1.565172E-3,36.999,28,31.529,2.163,155.757E-6,0.738,0.928,2.214,10.801,1.046,4.383,6.469,11.428,13.150,0.871678,0.176032,10.517,13.76
138.353,42.889,75.345,559.366,60.22464137663678,30.249489429551293,76.21425713195907,910,876,7.291421E-3,1.769074E-3,38.171,30,30.126,2.336,170.363E-6,0.978,1.155,2.933,12.596,1.182,5.266,7.212,11.809,15.799,0.854120,0.213466,9.882,11.4
154.074,62.472,71.586,578.958,58.29565975202134,29.124992897787976,76.19815537311686,1049,982,6.608096E-3,1.872419E-3,43.902,44,50.872,2.892,191.087E-6,1.199,1.321,3.596,12.054,1.126,5.032,6.637,11.877,15.096,0.841132,0.229561,9.046,13.56
142.376,56.014,81.258,453.034,60.33894939775136,29.975221456590198,75.7160206207701,440,426,7.145833E-3,1.981543E-3,28.846,10,14.904,2.153,153.848E-6,0.846,1.087,2.537,11.019,1.126,4.851,6.579,10.865,14.554,0.864709,0.200575,10.982,4.72
141.120,35.699,95.796,282.039,56.89716273595106,27.678653821156875,76.88866748908508,707,682,7.149007E-3,1.549997E-3,42.073,20,22.145,2.174,155.438E-6,0.874,1.025,2.623,10.368,0.982,4.249,6.308,11.067,12.747,0.873558,0.184373,10.996,9.68
156.478,40.598,80.261,325.172,63.201455635615105,29.679673686141022,76.69166750679722,1073,1033,6.441923E-3,1.479541E-3,29.091,30,29.061,2.515,161.994E-6,0.980,1.163,2.939,11.502,1.107,4.783,6.721,10.892,14.348,0.861181,0.205261,10.555,10.48
154.847,50.092,80.750,568.048,61.074267606347014,30.40295539364839,77.70260581182585,769,731,6.498116E-3,1.722286E-3,34.656,27,34.942,2.687,174.583E-6,1.037,1.157,3.110,11.111,1.020,4.489,6.908,12.980,13.468,0.854784,0.209163,10.107,8.6
161.313,73.651,86.622,548.018,57.53562440778387,29.605767030578445,75.90198005521349,564,532,6.289001E-3,2.067228E-3,44.320,24,31.158,2.633,165.596E-6,1.117,1.290,3.350,11.854,1.140,5.042,6.757,13.244,15.127,0.835626,0.249244,9.770,7.16
144.852,46.677,81.613,579.190,59.68876274396973,30.624196297480147,75.84297964359494,823,785,6.926167E-3,1.807338E-3,35.679,30,34.949,2.716,188.149E-6,1.018,1.101,3.055,12.605,1.151,4.907,7.273,12.152,14.721,0.844650,0.221040,9.045,10.12
149.017,42.875,84.090,303.352,58.734312943053595,30.54730678824676,76.15298330772703,641,614,6.779346E-3,1.805115E-3,41.893,21,33.093,2.669,180.934E-6,1.040,1.137,3.121,11.565,1.078,4.622,7.004,13.198,13.865,0.850825,0.221895,10.009,8.48
148.876,65.800,82.719,568.436,61.352519365193466,29.944608380790534,77.09281852100086,760,726,6.800200E-3,1.954314E-3,35.367,22,31.363,2.086,141.824E-6,0.796,0.883,2.389,10.371,0.983,4.465,6.035,10.431,13.395,0.868443,0.189903,10.660,8.88
137.673,36.536,78.623,281.198,61.29738283589027,30.078845989351876,76.46763495597784,900,864,7.312573E-3,1.699135E-3,33.983,26,29.313,2.240,163.821E-6,0.804,0.873,2.412,11.280,1.064,4.446,6.580,11.283,13.337,0.860616,0.202967,10.181,10.8
141.144,43.598,84.047,300.401,65.10978405356977,31.925075053934123,75.59032829605322,247,237,7.203205E-3,2.015674E-3,16.810,6,16.541,2.350,169.255E-6,1.002,1.275,3.007,13.709,1.253,5.517,8.771,18.047,16.552,0.861055,0.206652,10.228,2.36
141.682,59.310,85.739,563.075,55.743104015050946,28.298105135378535,76.46791850978725,482,460,7.030604E-3,1.990595E-3,45.379,17,31.555,2.664,187.329E-6,1.034,1.176,3.101,10.774,1.029,4.519,6.675,11.116,13.557,0.844525,0.238057,9.515,7.28
143.888,34.970,101.235,250.446,50.041060343370305,29.369582592596075,74.66620059403866,196,187,7.005814E-3,1.533637E-3,56.456,7,13.187,2.519,176.486E-6,1.068,1.246,3.205,11.947,1.135,4.414,7.363,13.739,13.242,0.836072,0.242668,8.973,3.36
142.908,41.368,88.182,285.857,61.89975144355732,31.165124189329234,76.26841060947638,936,897,7.069411E-3,1.732870E-3,33.303,28,40.601,2.787,197.007E-6,1.068,1.277,3.205,12.402,1.163,5.189,7.238,13.455,15.566,0.849831,0.216987,9.503,10.96
141.915,40.711,80.677,273.345,57.781014082662615,29.70925028129885,76.99879356244773,577,552,7.042006E-3,1.821997E-3,39.498,22,29.647,2.636,185.609E-6,1.139,1.270,3.416,12.828,1.185,5.883,8.026,13.812,17.649,0.840404,0.235431,9.296,7.6
153.556,46.865,75.021,313.878,59.75893353143266,31.040221701615277,75.94621791269961,526,503,6.512029E-3,1.771777E-3,39.060,16,31.804,2.654,172.838E-6,1.024,1.228,3.071,11.535,1.125,4.627,7.129,11.891,13.880,0.845142,0.231838,9.527,6.2
156.556,63.758,73.642,591.883,59.804721383820926,28.161885436296018,76.65434755063079,3007,2891,6.416413E-3,1.937541E-3,39.089,93,46.098,2.570,164.901E-6,1.016,1.208,3.047,12.077,1.130,4.914,6.907,12.964,14.743,0.861483,0.203262,10.356,34.72
147.045,46.727,81.429,511.446,61.44030860653715,32.10410325476151,76.46016018210284,1032,977,6.870499E-3,1.730485E-3,34.657,38,34.029,2.801,192.471E-6,1.160,1.232,3.481,12.560,1.174,4.959,7.279,11.610,14.878,0.833894,0.250453,9.047,12.12
136.225,30.784,85.931,293.321,62.39301802615938,31.84766202675607,75.8735400453055,812,781,7.378846E-3,1.420863E-3,33.263,25,39.057,2.186,161.302E-6,0.799,0.953,2.398,10.652,0.996,4.092,6.021,11.510,12.277,0.877333,0.173710,10.714,9.56
122.125,26.447,77.300,220.875,55.90075923557366,29.381155105239696,74.59877227478829,301,289,8.187914E-3,1.597925E-3,43.319,10,15.713,2.584,211.577E-6,1.035,1.339,3.105,13.678,1.244,5.641,8.746,15.158,16.922,0.830234,0.247220,8.508,4.68
149.590,45.128,92.541,294.676,59.813913444225534,31.332490050990984,75.95118970344569,343,331,6.705353E-3,1.794684E-3,38.272,7,21.098,2.010,134.762E-6,0.886,1.065,2.659,12.388,1.123,5.229,7.070,12.888,15.688,0.871662,0.189717,10.433,4.08
138.623,45.172,96.089,322.819,57.240866669726515,30.09277828116302,74.74584433920964,373,352,7.389694E-3,1.896746E-3,45.505,13,21.643,2.282,168.635E-6,0.949,1.123,2.846,12.318,1.097,5.923,7.226,9.878,17.768,0.830977,0.244700,8.399,5.48
149.089,73.821,87.695,584.641,62.37934152517796,31.155813287417253,76.65187275750873,512,493,6.842600E-3,2.063998E-3,32.136,11,23.092,2.307,157.848E-6,0.971,1.236,2.914,11.506,1.092,4.633,7.042,13.102,13.900,0.852403,0.230527,10.068,5.32
136.600,44.298,76.250,578.665,57.48248010625901,28.317671998905727,76.03081976659314,818,785,7.369188E-3,1.642068E-3,43.231,25,26.609,2.054,151.348E-6,0.839,0.948,2.517,10.807,1.000,4.254,6.273,12.093,12.761,0.871028,0.184704,10.602,11.48
136.150,52.360,76.531,551.381,61.84718627382329,30.648908789164246,75.90305867679422,699,661,7.411562E-3,1.810413E-3,28.571,25,26.739,2.193,162.509E-6,0.789,0.965,2.367,11.457,1.066,4.580,6.752,12.788,13.741,0.845273,0.229357,9.915,8.08
142.363,45.667,86.416,587.753,60.5757057490982,30.838215814092727,76.20941387827943,1023,976,7.104212E-3,1.696077E-3,35.732,32,33.944,2.242,159.262E-6,0.877,1.036,2.631,11.462,1.053,5.021,6.943,10.350,15.062,0.865886,0.198281,10.659,12.4
136.031,37.287,90.869,308.651,66.10768423730647,35.50797009650007,76.33871075893659,585,572,7.391178E-3,1.676532E-3,18.033,10,18.555,2.375,175.530E-6,0.933,1.126,2.800,12.229,1.124,5.349,7.686,13.740,16.048,0.871611,0.183646,11.083,5.52
121.685,35.528,88.903,289.008,52.01336237695337,31.989537897535243,73.83629058989557,117,114,8.349854E-3,1.596932E-3,56.000,1,3.509,1.703,142.175E-6,0.636,0.854,1.908,13.740,1.156,6.083,9.189,18.513,18.248,0.828889,0.238153,8.036,2.28
144.523,39.727,80.681,302.560,65.69298749818458,41.926037070779856,75.87236294026633,577,557,6.965829E-3,1.663175E-3,23.529,18,30.403,2.494,173.700E-6,0.988,1.236,2.964,11.136,1.074,4.865,7.085,13.007,14.596,0.859275,0.196791,10.024,5.64
131.137,67.658,83.325,582.223,63.14391682636969,31.516156571691273,75.26756567671346,316,303,7.796902E-3,2.389027E-3,26.074,7,14.936,2.159,168.351E-6,0.860,1.001,2.580,11.693,1.087,5.027,6.971,12.707,15.082,0.860735,0.205255,9.881,3.52
130.201,40.916,88.318,589.253,62.56567798742366,31.8340378271175,75.94794792833058,582,562,7.711601E-3,1.728599E-3,37.387,19,42.063,1.832,141.246E-6,0.654,0.745,1.962,10.925,1.023,4.644,6.452,10.849,13.933,0.861409,0.188122,9.787,7.76
140.399,57.871,81.281,593.111,61.43248927789431,30.243593040445866,76.34976747886505,1771,1704,7.248187E-3,1.756444E-3,35.576,47,36.893,2.034,147.434E-6,0.799,0.951,2.397,10.664,1.019,4.380,6.491,10.972,13.141,0.867338,0.194824,10.641,21.28
130.882,46.581,84.951,595.487,63.95007696685857,30.094745771388205,76.21796155616893,1266,1225,7.694622E-3,1.667288E-3,26.102,33,33.538,2.010,154.679E-6,0.760,0.915,2.279,10.822,1.016,4.387,6.332,11.400,13.160,0.864306,0.197192,10.492,14.32
149.040,47.666,106.306,366.234,59.47506836132331,30.24019373046325,74.77238274448938,268,251,6.949685E-3,1.445276E-3,38.941,9,43.511,2.348,163.194E-6,0.913,1.103,2.739,11.506,1.081,4.489,6.682,10.753,13.467,0.832871,0.273503,9.741,3.24
148.929,48.244,79.528,539.323,61.81735332440935,29.99136817577497,76.46915488574257,665,637,6.770795E-3,1.603133E-3,34.243,19,40.035,2.035,137.782E-6,0.800,0.947,2.399,10.250,0.975,4.003,6.269,11.302,12.010,0.876888,0.179193,11.437,7.36
135.547,29.053,85.512,287.099,58.37030594549543,29.73598080245636,75.79321737432737,376,367,7.370054E-3,1.364677E-3,41.517,8,29.269,1.717,126.559E-6,0.542,0.769,1.627,10.640,0.970,4.433,6.436,9.647,13.299,0.883718,0.163450,10.834,5.04
133.128,43.351,75.846,592.233,64.1413210713059,32.091627950441186,75.44315751965817,657,635,7.549281E-3,1.591833E-3,30.258,16,32.586,1.974,148.988E-6,0.850,0.989,2.551,11.152,1.023,4.302,6.775,12.832,12.907,0.894370,0.148492,12.058,7.4
125.428,27.306,83.577,263.407,59.35842094526409,31.67607527476744,75.5577792829292,545,524,7.978891E-3,1.551920E-3,40.239,15,43.765,1.654,131.973E-6,0.620,0.722,1.860,10.451,0.985,4.204,6.027,10.724,12.613,0.875273,0.182437,10.885,7.56
139.601,46.519,75.498,582.619,63.728089179794296,31.191732293946043,76.02933291308044,1023,990,7.190488E-3,1.722909E-3,27.762,23,30.558,1.984,142.666E-6,0.781,0.912,2.343,10.545,0.994,4.344,5.785,9.239,13.033,0.880086,0.177126,11.749,10.8
163.794,78.577,92.925,587.784,59.38056388343247,31.354818880670816,76.57979456732109,197,191,6.238814E-3,1.990583E-3,45.353,4,5.710,2.670,166.570E-6,1.037,1.473,3.110,11.545,1.029,4.656,6.531,10.783,13.967,0.838481,0.242718,9.180,2.72
147.469,61.180,81.731,531.389,64.85686768596543,31.710438485771995,76.49038450238491,822,795,6.805736E-3,2.119933E-3,31.042,23,35.223,2.234,152.049E-6,0.745,0.860,2.234,11.900,1.097,4.668,7.181,13.594,14.004,0.865885,0.185787,10.170,8.76
138.922,57.433,68.649,548.506,60.013858735901174,31.55647525047721,75.69399410966179,656,630,7.316941E-3,1.935052E-3,40.231,20,41.439,2.241,163.995E-6,0.917,1.051,2.751,10.832,1.060,4.552,6.432,10.723,13.655,0.862873,0.201088,10.338,8.68
139.416,29.261,79.184,327.503,63.486139616980104,32.75305907536525,76.22707746296558,617,603,7.158709E-3,1.284276E-3,28.700,12,27.915,1.664,119.154E-6,0.539,0.718,1.617,9.433,0.899,3.865,5.317,9.513,11.594,0.894106,0.146766,12.256,6.72
134.529,33.640,75.790,289.233,62.582510984645204,32.013900954677226,77.09855579593257,910,882,7.468927E-3,1.512084E-3,32.412,20,30.490,2.333,174.229E-6,0.929,1.168,2.787,11.242,1.046,4.698,6.538,11.547,14.094,0.861042,0.204673,10.431,10.52
135.394,53.808,78.972,564.536,62.140274282424244,31.889533587626158,76.19811613562763,1077,1033,7.423077E-3,1.966622E-3,34.312,35,36.679,2.220,164.811E-6,0.873,1.047,2.619,11.210,1.060,4.771,6.619,11.347,14.314,0.877526,0.180082,11.233,13.32
138.167,60.873,85.282,583.207,64.03867806024778,32.46643053649071,75.9382064932629,584,560,7.387776E-3,2.077243E-3,27.943,15,31.632,2.500,184.719E-6,0.989,1.088,2.966,11.181,1.076,4.618,7.150,11.175,13.854,0.860646,0.194222,10.178,6.4
138.987,43.159,76.924,577.749,63.09746483264366,30.946249130851516,75.85455266495875,1301,1257,7.251270E-3,1.669221E-3,29.937,33,35.654,2.235,162.041E-6,0.827,1.067,2.481,11.585,1.121,4.655,6.924,11.114,13.964,0.864564,0.197518,10.623,14.36
127.438,82.014,95.588,590.731,56.23970063881476,30.89502796397806,75.833373159308,148,140,7.995438E-3,2.708572E-3,43.891,3,41.049,1.469,117.456E-6,0.534,0.723,1.601,9.464,0.975,4.468,5.539,7.803,13.405,0.906322,0.128034,12.962,2.24
135.967,22.001,94.388,247.701,62.44286037746656,30.543903984158337,75.64635958252585,389,372,7.363568E-3,1.077445E-3,36.082,15,42.542,2.248,165.516E-6,0.895,0.998,2.686,10.515,1.033,3.977,6.291,10.767,11.931,0.843556,0.237056,9.468,4.88
114.775,16.619,80.829,185.393,64.55319751135907,32.12680483744552,75.38549795631451,278,265,8.694776E-3,1.178434E-3,25.770,10,23.853,1.872,162.790E-6,0.593,0.798,1.780,13.116,1.106,5.669,8.048,11.085,17.007,0.853876,0.203554,9.679,3.6
142.056,52.397,89.811,578.635,51.53441251634084,28.971762811753493,76.81169902944558,573,549,7.081407E-3,2.039667E-3,59.682,19,40.188,2.905,205.720E-6,1.294,1.415,3.883,12.557,1.128,5.593,7.410,13.785,16.780,0.836475,0.239546,8.773,10.72
170.385,74.019,116.178,625.559,66.94792815772834,48.79229533357368,75.47622733616309,237,227,6.144272E-3,1.500428E-3,18.378,4,19.674,2.414,148.332E-6,1.043,1.316,3.130,13.358,1.162,5.896,7.966,11.660,17.689,0.836922,0.252555,9.555,1.88
161.117,94.892,85.942,584.205,58.231918251598316,30.43324579103333,75.56348266642543,313,299,6.346275E-3,2.287828E-3,39.377,6,22.957,2.014,127.826E-6,0.740,0.931,2.221,10.501,1.072,4.379,6.296,9.900,13.136,0.857579,0.208979,10.025,3.56
145.777,60.446,77.026,589.786,62.5203192972444,31.37526032008495,76.29272242983089,691,656,6.924727E-3,1.907020E-3,29.218,24,27.221,2.235,154.739E-6,0.869,0.971,2.608,10.862,1.041,4.024,6.255,12.658,12.073,0.863407,0.198167,10.478,7.32
137.906,54.649,101.245,564.453,63.887768120874696,35.887881899577835,75.93786856710047,354,340,7.312297E-3,1.960019E-3,24.409,11,31.273,2.187,159.917E-6,0.907,1.076,2.720,10.127,1.010,4.406,5.876,10.106,13.218,0.882354,0.170755,11.793,3.84
133.960,56.883,84.635,592.102,60.80904230067485,31.26477933544831,75.80019221081722,430,411,7.524168E-3,1.934602E-3,33.397,11,26.435,2.155,162.164E-6,0.945,1.135,2.834,11.955,1.084,4.798,6.652,9.949,14.393,0.862676,0.195246,10.376,5.24
120.224,50.520,87.774,580.843,56.93217091195205,30.559011551966524,75.41775924188494,240,228,8.400854E-3,1.812117E-3,43.089,9,37.492,2.365,198.672E-6,1.038,1.230,3.114,11.027,1.043,4.673,6.869,11.632,14.018,0.854887,0.221681,10.472,3.72
156.387,101.947,76.105,597.696,60.59530552507009,30.86684983061573,75.56757592151291,468,443,6.510877E-3,2.654388E-3,32.359,14,42.182,2.469,160.727E-6,1.038,1.217,3.114,12.459,1.128,5.459,7.054,17.368,16.378,0.833975,0.241410,8.921,5.16
137.054,53.743,92.414,562.128,61.449395702286985,30.270902405645785,75.02452145906322,393,380,7.424590E-3,1.818701E-3,31.579,9,33.098,2.715,201.544E-6,1.185,1.281,3.556,12.624,1.119,5.191,7.905,14.714,15.574,0.845252,0.229868,9.435,4.4
136.449,63.652,83.739,589.871,62.240169310234265,31.143061430786627,76.48699090795616,431,411,7.478815E-3,2.234785E-3,26.269,11,16.705,2.445,182.884E-6,1.068,1.341,3.203,12.155,1.147,5.113,7.149,12.909,15.340,0.849932,0.225864,10.021,4.56
131.394,52.721,87.812,572.926,61.52683074373887,30.51781685575041,76.89267585940814,895,860,7.643269E-3,1.959733E-3,29.933,25,30.283,1.849,141.312E-6,0.733,0.852,2.198,11.478,1.096,4.715,7.176,12.207,14.145,0.871212,0.180923,10.328,10.52
138.336,65.604,86.492,559.360,60.681265778180354,29.487362851550756,75.61515333096011,1034,994,7.317616E-3,2.130087E-3,34.908,23,37.623,1.892,138.430E-6,0.738,0.894,2.214,10.398,0.988,4.378,6.376,10.420,13.133,0.886880,0.159684,11.541,12.52
139.729,47.162,93.005,283.158,61.440760253263726,29.439226143661635,75.90271650640321,318,304,7.200256E-3,1.987768E-3,31.728,8,34.849,2.098,151.058E-6,0.882,1.095,2.645,11.222,1.090,4.844,7.656,13.110,14.531,0.875495,0.182322,11.149,3.56
146.986,96.229,97.945,596.884,58.91294952267777,29.90141992345012,74.46835541974724,381,366,6.835725E-3,2.651813E-3,38.362,9,30.827,2.086,142.605E-6,0.811,0.998,2.432,11.636,1.109,4.938,7.544,13.199,14.814,0.866691,0.194809,10.117,4.68
126.655,24.584,94.984,270.764,65.81265524177375,37.91273222845702,75.18454303717675,272,264,7.934272E-3,1.185579E-3,25.249,6,25.751,1.521,120.687E-6,0.589,0.741,1.767,10.355,0.934,3.975,5.834,10.324,11.924,0.875714,0.186872,11.112,3.04
138.865,36.371,95.764,292.276,56.11686587848217,30.66507828658264,76.00130589456282,416,398,7.279436E-3,1.562275E-3,47.769,12,51.247,1.863,135.631E-6,0.695,0.832,2.085,11.027,1.064,4.558,6.860,12.568,13.673,0.877941,0.169949,10.539,6.08
128.365,54.816,77.188,598.459,63.06198814650938,30.620002692341583,75.7269268070873,1569,1509,7.851327E-3,1.926555E-3,28.083,41,34.770,1.717,134.830E-6,0.657,0.822,1.970,10.493,0.995,4.249,5.995,10.785,12.746,0.878540,0.170070,11.071,18.44
168.864,82.032,89.119,610.171,58.502338832088036,31.67755497654202,74.79116157351038,327,310,6.007970E-3,1.966700E-3,42.706,10,46.674,2.875,172.712E-6,1.174,1.271,3.522,12.418,1.164,5.673,7.958,12.272,17.020,0.838341,0.246429,9.155,3.8
134.611,49.448,75.684,537.009,63.48036421843194,29.429979062731476,76.41628156206903,985,951,7.524975E-3,1.657769E-3,24.500,27,30.413,1.660,124.929E-6,0.655,0.795,1.964,9.578,0.941,3.859,5.704,10.141,11.578,0.889392,0.158460,11.848,10.52
150.401,102.227,92.995,540.257,54.80353857104007,30.551601372675545,75.61763526065498,374,350,6.839447E-3,2.863518E-3,50.088,11,37.614,2.587,176.944E-6,0.981,1.199,2.942,12.788,1.169,5.160,8.049,19.257,15.480,0.824249,0.254031,8.102,5.72
155.368,56.386,90.598,593.432,61.36851817811533,32.07213478339106,75.43989711042013,512,496,6.512269E-3,1.810046E-3,33.892,11,21.215,2.479,161.444E-6,0.910,1.162,2.730,11.741,1.119,4.977,7.087,11.120,14.932,0.857759,0.201416,9.385,5.4
136.200,31.076,86.240,245.261,63.141825555196284,33.20106616938236,76.01780567408707,472,456,7.379454E-3,1.584640E-3,36.126,15,32.241,2.157,159.208E-6,0.846,1.016,2.539,10.985,1.018,4.373,6.089,10.628,13.118,0.868011,0.183503,10.344,5.76
133.235,37.111,75.917,446.359,62.571591920668624,31.025483618204824,76.59515755209274,1371,1320,7.525076E-3,1.721342E-3,32.228,41,38.090,2.153,162.011E-6,0.825,1.023,2.475,11.860,1.127,4.871,7.215,12.112,14.612,0.863429,0.191900,10.026,16.32
152.587,61.708,80.425,594.822,62.04816777890374,30.374645675713374,77.55150460489244,1492,1440,6.592761E-3,1.854933E-3,34.172,41,39.746,2.016,132.931E-6,0.740,0.872,2.220,11.649,1.083,4.486,6.747,12.185,13.458,0.879292,0.169200,11.210,15.92
136.232,28.302,81.914,337.672,62.676067395514195,30.01990990025647,76.27830158057682,1080,1049,7.358621E-3,1.330022E-3,29.170,26,30.263,2.057,151.389E-6,0.747,0.923,2.240,11.625,1.077,4.564,6.732,11.674,13.693,0.881646,0.164661,11.104,11.96
147.049,57.398,78.773,578.323,54.19240214542614,28.118953654340764,76.09806740983085,730,703,6.925743E-3,1.962710E-3,49.953,19,28.380,2.698,186.827E-6,1.054,1.242,3.162,12.257,1.180,5.148,7.374,12.647,15.443,0.842398,0.221877,8.853,10.64
146.875,38.785,79.147,293.462,57.7610573568256,29.244472025904216,75.91186790275123,310,294,6.826042E-3,1.520986E-3,44.552,11,47.969,2.615,178.524E-6,0.862,0.983,2.586,11.986,1.142,5.594,7.220,8.709,16.783,0.823560,0.259001,8.275,4.16
123.591,50.503,82.004,599.751,62.82373869518136,30.72877384337986,77.17035568381664,1439,1393,8.141882E-3,1.947337E-3,33.404,39,36.802,1.998,162.686E-6,0.760,0.990,2.280,10.351,0.980,4.243,6.172,9.467,12.730,0.879084,0.173283,11.119,18.92
128.672,49.966,72.819,557.274,62.1989367423497,29.815550119356935,76.49022318209302,1105,1058,7.841930E-3,2.094715E-3,33.430,31,31.926,2.307,180.910E-6,0.863,1.047,2.589,11.922,1.103,4.827,7.222,11.922,14.481,0.861302,0.195704,9.966,13.76
118.247,25.966,85.164,283.850,65.19876400510321,32.47794940629149,76.1264618694642,608,592,8.496412E-3,1.362896E-3,25.666,12,29.093,1.614,137.174E-6,0.589,0.775,1.766,10.723,0.998,4.425,6.425,10.489,13.275,0.900224,0.137732,11.961,7.16
124.543,31.314,83.026,340.218,61.08654590027291,29.9211881653996,75.44279230894506,1031,993,8.061534E-3,1.661069E-3,33.872,34,33.696,2.491,200.837E-6,1.029,1.254,3.088,11.341,1.066,4.842,6.820,10.119,14.525,0.844752,0.234566,9.755,13.64
125.901,34.837,82.214,580.612,63.64884322176944,30.428142783061944,76.45104670289457,2003,1936,7.974972E-3,1.537763E-3,30.570,59,34.058,2.044,163.013E-6,0.804,0.972,2.411,11.422,1.085,4.659,6.715,12.365,13.976,0.867864,0.192174,10.292,24.4
133.541,39.886,87.154,499.983,60.11368533216837,31.250940058395162,77.14010803504023,987,950,7.530419E-3,1.806643E-3,42.625,31,48.696,2.279,171.583E-6,0.869,1.012,2.608,11.094,1.026,4.738,6.424,10.349,14.214,0.857313,0.203941,9.763,14.2
131.046,62.704,84.340,596.667,61.77320276500096,31.16462756182347,76.23947449759103,1233,1168,7.786927E-3,2.244555E-3,35.915,45,38.652,2.226,173.364E-6,0.903,1.061,2.710,10.603,0.998,4.598,6.622,10.580,13.795,0.853476,0.215584,9.876,16.04
120.108,19.718,83.618,270.382,59.28701794499355,31.301770019202692,76.73571858493658,295,284,8.319054E-3,1.176797E-3,41.419,9,42.902,2.005,166.763E-6,0.697,0.843,2.091,10.336,1.001,4.180,5.840,11.515,12.541,0.871593,0.173765,10.355,4.4
121.404,22.430,88.259,260.130,62.16907578152466,30.443417085599414,76.2509809872817,969,931,8.251278E-3,1.282840E-3,36.842,32,40.319,2.018,166.508E-6,0.719,0.936,2.158,12.143,1.123,4.920,6.883,10.686,14.759,0.855208,0.209475,9.923,13.52
137.834,30.784,76.534,261.452,62.093756396639215,30.479718288250368,75.52086009128847,383,372,7.261260E-3,1.514189E-3,31.002,9,18.736,2.625,190.578E-6,0.929,1.148,2.788,11.601,1.080,4.637,7.023,12.278,13.910,0.866426,0.188831,10.065,4.32
129.196,53.344,87.095,594.177,64.2560518850916,31.634394255821515,76.76916227537474,1160,1125,7.805655E-3,1.881287E-3,29.876,27,35.486,1.921,149.929E-6,0.720,0.877,2.159,11.132,1.023,4.850,6.624,11.444,14.551,0.882230,0.161412,10.876,13.72
134.166,62.730,83.715,574.581,61.61817597416458,30.578828041332304,76.87045507648962,1411,1346,7.542205E-3,2.215288E-3,39.813,51,46.896,2.418,182.354E-6,0.955,1.216,2.864,12.501,1.185,5.139,7.678,12.060,15.416,0.844336,0.224971,9.178,19.32
147.649,68.375,82.802,593.277,62.23092624299184,31.304207907660718,76.85319097118786,1513,1434,6.889962E-3,2.072613E-3,35.910,58,42.591,2.444,168.360E-6,0.972,1.144,2.917,12.550,1.159,5.166,7.510,12.904,15.498,0.851512,0.216251,9.727,17.88
140.084,53.443,79.934,598.067,61.613342908086686,32.36639252154639,76.61944352132079,873,840,7.211172E-3,1.883469E-3,39.200,29,37.167,2.258,162.830E-6,0.906,1.101,2.718,11.310,1.024,4.598,6.758,11.202,13.794,0.868877,0.185553,10.476,11.28
136.711,41.465,83.592,564.733,64.00947779547822,31.553466740002634,76.30316296564371,628,602,7.380853E-3,1.679688E-3,29.582,21,35.389,2.296,169.479E-6,0.925,1.141,2.774,12.119,1.130,5.097,7.671,12.676,15.290,0.858021,0.197001,9.543,6.96
139.942,3.233,136.892,143.266,38.24722021054267,31.268868070594817,71.75598554520705,10,8,7.106662E-3,0.163000E-3,95.135,1,5.451,1.104,78.461E-6,0.431,--undefined-,1.293,21.464,1.865,14.310,--undefined-,--undefined-,42.929,0.648596,0.549652,2.687,1.88
147.506,51.762,86.246,569.842,56.67336155250809,28.62494872897138,76.02479735182864,671,650,6.848951E-3,1.652882E-3,42.806,15,23.559,2.301,157.571E-6,0.878,1.178,2.633,12.153,1.191,4.817,7.325,12.679,14.452,0.861714,0.194882,9.819,8.44
136.790,35.200,84.274,433.641,61.60099864097877,32.39275690385885,76.47942409976898,1120,1079,7.353918E-3,1.560647E-3,38.153,34,42.305,2.493,183.324E-6,0.907,1.098,2.720,11.041,1.040,4.381,6.304,10.045,13.144,0.868127,0.191111,10.799,14.0
141.148,68.809,82.647,567.624,58.448464217845796,29.111163664729393,76.46275481264544,1911,1840,7.150709E-3,2.217487E-3,41.870,54,38.891,2.138,152.913E-6,0.851,0.953,2.554,11.130,1.048,4.688,6.511,11.268,14.063,0.866953,0.190091,10.550,25.8
142.736,52.910,84.452,474.861,63.28368149715197,31.613287104805856,76.40394114151486,936,907,7.050756E-3,1.947989E-3,30.109,23,35.625,1.986,140.031E-6,0.778,0.878,2.333,10.652,1.027,4.542,6.507,10.891,13.627,0.882404,0.166777,11.017,10.16
137.229,57.996,80.963,574.277,62.245046052650736,31.371526955840928,76.48548628922904,1320,1273,7.363023E-3,1.919948E-3,33.438,33,37.108,1.986,146.252E-6,0.743,0.971,2.229,11.058,1.050,4.749,6.479,11.119,14.248,0.890028,0.150880,11.586,15.88
126.861,65.845,78.976,599.561,60.217957771831536,30.413650619795586,75.17322552318109,791,760,7.943845E-3,2.356895E-3,40.622,23,38.101,1.829,145.313E-6,0.701,0.845,2.102,9.598,0.943,3.990,6.029,9.754,11.970,0.870780,0.187429,11.058,11.28
120.599,32.005,82.325,257.171,62.10946931636741,30.26263459075894,76.54365993482243,410,394,8.305026E-3,1.831709E-3,33.690,14,40.972,2.358,195.819E-6,0.811,0.992,2.434,12.206,1.125,4.648,6.785,12.629,13.944,0.842255,0.230830,9.374,5.64
129.113,51.497,83.074,593.621,62.13848376760755,31.58380355506192,75.95114498376071,641,615,7.754541E-3,2.197158E-3,34.658,22,35.343,2.315,179.544E-6,0.920,1.034,2.760,10.878,1.043,4.801,6.299,10.211,14.402,0.868867,0.193820,10.932,8.08
149.638,51.584,75.394,574.993,59.387634391176384,30.508582090896045,75.58336029745942,1092,1049,6.750992E-3,1.877462E-3,41.757,33,44.447,2.619,176.792E-6,0.983,1.186,2.948,12.062,1.132,5.156,7.072,11.800,15.469,0.845178,0.227005,9.289,13.8
120.341,25.088,83.117,259.510,58.24314967368366,31.21368616099168,76.07436696847405,316,308,8.345357E-3,1.449652E-3,39.957,7,27.204,1.834,153.040E-6,0.562,0.764,1.686,11.581,1.059,5.141,6.921,11.424,15.422,0.868219,0.190869,10.353,4.72
133.183,46.021,82.916,565.812,59.30140001485427,29.028455283376946,76.08333879065691,1743,1660,7.599081E-3,1.972945E-3,39.822,59,45.314,2.376,180.564E-6,0.929,1.110,2.786,11.911,1.095,4.957,7.210,12.572,14.871,0.853399,0.211685,9.607,23.56
135.750,45.482,77.958,567.160,58.617002331228356,29.624052438609144,76.10634908017492,1131,1092,7.444334E-3,1.737631E-3,40.343,29,37.978,2.127,158.333E-6,0.785,0.931,2.354,11.002,1.051,4.702,6.588,11.320,14.105,0.860533,0.199703,10.094,15.2
126.391,38.957,74.904,315.019,64.0351195820009,31.606351016652006,76.69526611635301,889,846,7.986975E-3,1.894078E-3,28.169,33,28.942,2.658,212.289E-6,1.048,1.164,3.144,12.178,1.084,5.039,7.202,11.504,15.117,0.840316,0.240208,9.180,10.68
144.885,46.026,78.222,273.418,63.70374444211564,31.78155803992587,76.80777379540676,617,595,6.962361E-3,1.989061E-3,24.138,17,20.876,2.489,173.262E-6,0.946,1.072,2.839,13.890,1.287,6.272,7.910,13.466,18.815,0.858013,0.200936,9.739,6.12
143.500,50.392,75.230,550.006,58.32185251465342,30.271234031462765,75.64117371786507,945,901,7.123569E-3,1.992108E-3,35.978,24,40.573,2.793,198.975E-6,1.091,1.279,3.273,14.229,1.323,5.977,9.161,15.789,17.931,0.834377,0.245012,8.733,11.12
147.878,76.261,75.984,560.847,59.97998665311687,29.98165247918309,75.86364168444767,979,934,6.815774E-3,2.506280E-3,40.308,31,44.977,2.713,184.883E-6,1.056,1.279,3.168,12.518,1.192,5.483,7.596,11.171,16.449,0.855286,0.212099,10.039,12.36
149.746,112.049,83.566,590.193,66.66259531613451,40.281073206034804,75.38668172947274,282,267,7.091474E-3,3.052091E-3,19.540,7,24.168,2.806,198.972E-6,1.192,1.485,3.576,14.407,1.303,6.136,8.374,13.965,18.408,0.821926,0.268768,8.340,2.64
155.596,88.465,71.361,579.934,59.54467164865318,29.957132712823928,76.25683372574605,1293,1236,6.587770E-3,2.569264E-3,35.780,36,41.252,2.218,146.116E-6,0.918,1.071,2.753,12.260,1.156,4.946,7.327,12.273,14.837,0.843273,0.233413,9.582,14.2
138.729,47.650,81.899,290.181,59.14438355350908,29.544280532812493,74.61385377513436,518,494,7.226343E-3,2.179577E-3,37.206,20,32.378,2.635,190.385E-6,1.084,1.141,3.252,13.142,1.201,6.334,8.191,12.423,19.001,0.811408,0.275290,7.519,6.4
87.237,--undefined--,87.237,87.237,32.58417846213317,30.16251364604546,39.198742658026774,2,1,11.579984E-3,--undefined--,92.000,0,0,--undefined-,--undefined--,--undefined-,--undefined-,--undefined-,--undefined-,--undefined--,--undefined-,--undefined-,--undefined-,--undefined-,0.649836,0.538850,2.685,1.28
133.653,50.415,72.385,546.475,63.806120223974204,36.4552344549336,76.5657623367308,488,468,7.526715E-3,1.955146E-3,27.392,15,20.887,1.878,141.374E-6,0.764,0.824,2.291,10.980,1.000,4.889,6.844,10.969,14.666,0.870199,0.181077,10.394,5.36
178.994,62.218,87.237,302.199,62.84645616287983,32.22655261946508,76.83395605650551,488,474,5.622738E-3,2.049453E-3,26.700,10,32.323,2.513,141.322E-6,1.031,1.163,3.093,8.596,0.890,3.329,4.882,8.278,9.988,0.881104,0.168644,11.871,4.0
111.313,12.920,71.193,145.259,65.92079667440157,32.11786090140762,75.65449420764324,290,285,8.974562E-3,0.980895E-3,15.210,3,15.571,2.040,183.119E-6,0.778,1.102,2.333,13.249,1.192,5.762,8.291,13.338,17.285,0.855292,0.197254,9.221,3.12
129.190,76.819,87.461,584.327,59.08701217986155,30.277714523022293,75.83083995590458,1046,981,7.958711E-3,2.563163E-3,40.546,38,37.542,2.092,166.510E-6,0.875,0.994,2.626,12.007,1.137,5.389,7.113,11.292,16.168,0.846586,0.221780,9.441,14.68
132.215,40.368,77.478,348.629,57.676941272711154,29.72668398533508,76.29881380948801,606,582,7.628868E-3,1.760790E-3,41.696,17,44.459,2.265,172.791E-6,0.931,1.052,2.793,12.097,1.126,5.347,7.601,12.160,16.041,0.839891,0.241622,8.993,8.52
109.513,13.867,84.026,139.087,55.055188609705965,28.123533460200353,74.51985219992116,277,271,9.141180E-3,1.170507E-3,43.856,5,15.614,1.878,171.673E-6,0.637,0.886,1.912,13.703,1.263,6.436,8.971,11.749,19.307,0.842995,0.218564,8.539,4.76
132.290,49.399,78.171,280.286,65.93972318107768,42.71084483674139,75.4540941400101,332,317,7.627229E-3,2.462958E-3,17.445,9,19.869,2.902,221.347E-6,1.272,1.326,3.817,11.817,1.060,5.643,7.505,10.663,16.929,0.826536,0.272309,9.063,3.24
--undefined--,--undefined--,--undefined--,--undefined--,30.96268936267979,28.612100337147236,66.26569014686157,1,0,--undefined--,--undefined--,98.095,0,0,--undefined-,--undefined--,--undefined-,--undefined-,--undefined-,--undefined-,--undefined--,--undefined-,--undefined-,--undefined-,--undefined-,--undefined--,--undefined--,--undefined--,1.08
133.007,24.377,106.452,254.731,68.89854108769362,47.90189348586277,77.06012110148794,138,133,7.538378E-3,1.135845E-3,9.483,3,13.423,1.897,143.002E-6,0.653,0.819,1.958,12.510,1.216,5.371,7.842,10.107,16.112,0.893195,0.133012,10.694,1.2
132.426,28.579,76.680,288.818,62.43191582996571,30.25817325601144,76.53089759608076,1035,992,7.550569E-3,1.399218E-3,34.607,38,40.063,2.009,151.674E-6,0.662,0.821,1.986,11.192,1.056,4.661,6.632,11.715,13.984,0.863773,0.188773,9.831,13.12
117.333,45.852,78.763,592.438,62.14801168323013,30.9725239021568,75.95312956624775,420,400,8.548798E-3,1.680507E-3,39.816,17,41.673,1.900,162.415E-6,0.608,0.730,1.823,10.687,1.000,4.174,6.471,13.415,12.522,0.871597,0.179343,10.160,6.56
123.149,30.262,80.812,262.900,58.229221895538345,30.555742185068098,75.98300048983748,223,213,8.184935E-3,1.619220E-3,45.479,8,26.562,1.792,146.653E-6,0.574,0.744,1.722,11.342,1.009,4.720,7.317,12.709,14.159,0.861849,0.195366,9.537,3.68
133.616,61.632,81.712,528.582,63.21278874141338,32.046782513855845,76.07416082917682,688,662,7.564093E-3,2.383125E-3,33.455,15,27.939,1.932,146.115E-6,0.779,0.890,2.336,10.361,0.968,4.344,6.138,9.840,13.032,0.889317,0.154119,11.396,8.28
134.713,33.058,80.592,282.102,62.11505440321115,31.63500691278324,75.71615300772424,1161,1118,7.458431E-3,1.482936E-3,34.150,36,35.260,1.961,146.255E-6,0.797,0.931,2.390,10.609,1.000,4.458,6.372,10.190,13.375,0.869294,0.183892,10.286,14.32
115.841,23.808,75.754,280.664,59.06955811484937,30.892813792897996,75.9104715461034,329,319,8.629026E-3,1.566709E-3,37.630,8,41.908,1.333,115.009E-6,0.580,0.590,1.740,11.212,1.006,5.350,6.002,8.677,16.050,0.867647,0.192376,10.655,4.84
200.445,83.286,75.530,243.316,32.13918443520214,29.214077730361375,64.89215529887804,9,7,5.415810E-3,3.468047E-3,96.190,1,1.613,7.962,431.206E-6,4.961,1.312,14.883,--undefined-,--undefined--,--undefined-,--undefined-,--undefined-,--undefined-,0.681600,0.521034,3.759,1.08
137.184,82.840,81.817,570.412,58.793760568352006,31.132107170433336,76.45263575680859,365,338,7.409039E-3,2.686704E-3,45.779,15,50.875,2.246,166.399E-6,0.865,1.060,2.594,12.057,1.112,5.409,7.805,11.720,16.228,0.851121,0.214932,9.393,5.36
121.924,26.261,68.957,280.543,60.55424445788438,30.959310203801834,76.35630042969082,616,594,8.205090E-3,1.497692E-3,39.661,20,37.445,2.184,179.179E-6,0.854,1.007,2.561,10.997,1.013,4.800,6.154,10.541,14.399,0.852368,0.214839,9.815,8.88
112.914,22.020,78.539,249.678,59.384222651199785,28.44203579900948,76.1076753328116,239,227,8.936057E-3,1.368850E-3,44.235,9,36.958,1.969,175.956E-6,0.607,0.787,1.821,11.393,1.072,4.409,7.096,12.603,13.226,0.856158,0.207553,9.303,4.28
131.534,50.394,81.324,593.891,60.74010243315985,30.50852238463049,77.13398171633465,1025,983,7.740780E-3,1.813886E-3,37.091,30,41.341,1.922,148.805E-6,0.766,0.905,2.298,11.411,1.078,4.785,6.943,12.292,14.355,0.880389,0.168122,11.200,13.16
130.323,51.718,86.315,514.908,62.7163697511213,31.18844992256257,76.29724296624775,628,608,7.709592E-3,2.098009E-3,33.201,17,27.213,2.207,170.120E-6,0.958,1.178,2.873,11.178,1.074,4.705,6.798,10.662,14.115,0.880164,0.169095,11.412,7.56
121.887,69.770,91.549,529.490,59.12138207178265,31.111393823381206,74.68558787006371,191,180,8.338881E-3,2.393803E-3,44.548,8,28.605,1.935,161.350E-6,0.777,0.867,2.331,12.605,1.190,5.212,7.145,12.929,15.636,0.867411,0.180282,10.008,3.24
121.263,84.529,82.477,598.652,65.39714311048313,31.151662592412773,75.55230678555,563,529,8.322952E-3,2.909939E-3,34.713,24,37.367,2.102,174.980E-6,0.862,1.051,2.587,13.680,1.281,6.221,8.938,15.137,18.664,0.725140,0.438470,4.906,7.52
94.902,12.033,77.086,126.923,50.37275210708658,28.762495258727565,74.71222724975779,44,38,10.619136E-3,1.340620E-3,71.292,5,69.774,2.380,252.761E-6,0.906,1.124,2.719,11.724,1.018,5.382,6.709,--undefined-,16.145,0.702794,0.498455,4.371,2.12
141.724,30.219,91.657,275.339,66.00580099193681,47.0339337458701,74.28560105945421,140,133,7.086962E-3,1.391301E-3,16.800,5,24.296,2.270,160.867E-6,0.806,1.059,2.419,10.955,1.005,4.444,6.734,13.255,13.333,0.835882,0.234240,8.346,1.28
149.951,112.622,95.009,594.222,53.35451983202976,31.072699698939946,74.29548851219998,75,70,6.951716E-3,3.212935E-3,63.087,3,66.007,2.875,199.858E-6,0.922,1.259,2.766,12.808,1.116,5.937,7.472,8.673,17.811,0.807646,0.286903,7.379,1.52
137.685,81.532,86.042,563.908,60.344594874832055,32.76887034830694,74.55529578006164,118,111,7.502980E-3,2.385755E-3,33.987,4,23.487,2.033,152.499E-6,0.622,0.578,1.865,10.542,0.911,4.025,6.634,9.871,12.075,0.824900,0.264118,8.374,1.56
121.433,17.279,81.203,175.088,62.403173355199144,30.941323806230024,75.81976158892718,463,442,8.249308E-3,1.144986E-3,38.045,19,30.531,2.010,165.780E-6,0.813,1.011,2.440,13.963,1.281,5.990,8.136,12.469,17.971,0.756122,0.392746,6.014,6.68
141.941,78.441,81.141,591.324,60.662342853768195,29.799118128101263,75.43195339649178,623,594,7.177740E-3,2.280232E-3,28.919,18,34.041,2.587,185.693E-6,1.092,1.338,3.275,15.723,1.348,7.026,10.104,17.643,21.079,0.790941,0.323783,6.888,6.6
124.336,39.728,75.301,487.648,62.21584198954969,30.835983752492023,75.8408608242458,1582,1513,8.106860E-3,1.863156E-3,29.041,50,35.695,2.410,195.415E-6,0.975,1.186,2.926,13.252,1.238,5.774,7.894,12.683,17.323,0.834656,0.242810,8.651,19.52
115.810,28.514,79.823,267.532,62.588414920469596,32.18261958604359,75.16946910610912,731,704,8.657511E-3,1.745805E-3,26.695,26,28.195,2.728,236.180E-6,1.133,1.411,3.399,14.021,1.251,6.263,8.616,14.051,18.789,0.822685,0.261765,8.109,9.32
125.087,79.730,77.045,565.111,60.175403865465576,29.825679633727823,75.32425648362424,1086,1024,8.133828E-3,3.045743E-3,34.155,46,39.175,2.912,236.852E-6,1.131,1.319,3.392,13.768,1.223,5.821,8.232,14.800,17.463,0.813328,0.279928,7.869,14.64
136.480,68.601,76.303,541.779,63.52265490296565,28.05159503949519,75.56186515225907,1407,1331,7.424040E-3,2.158868E-3,35.768,58,42.198,1.714,127.259E-6,0.707,0.880,2.122,13.321,1.187,5.945,7.716,12.131,17.834,0.782460,0.336947,6.752,17.28
239.400,11.843,231.025,247.774,30.461206406956904,28.531711974418982,58.50963049897602,4,3,4.042717E-3,0.557050E-3,98.095,0,0,13.363,540.216E-6,--undefined-,--undefined-,--undefined-,--undefined-,--undefined--,--undefined-,--undefined-,--undefined-,--undefined-,0.552876,0.814091,0.925,1.08
128.882,50.417,72.850,586.145,64.45161652535104,32.36124121771958,76.1428420276218,1193,1143,7.789690E-3,2.100476E-3,23.911,37,30.940,2.339,182.173E-6,0.932,1.097,2.797,13.435,1.228,5.736,8.394,14.695,17.207,0.837127,0.233357,8.762,13.12
134.861,80.104,74.345,589.858,65.16479749097327,29.546594196177626,75.78366593052054,875,831,7.556106E-3,2.759172E-3,18.280,23,23.128,2.462,186.065E-6,1.081,1.356,3.244,13.408,1.212,5.758,7.693,13.836,17.274,0.840243,0.236681,9.211,8.4
126.704,55.081,78.895,544.521,60.18798353535922,31.12478707727401,75.93886697365036,314,296,7.952471E-3,2.142306E-3,31.296,15,41.696,2.869,228.123E-6,1.216,1.435,3.647,15.452,1.334,7.125,10.221,13.515,21.375,0.791970,0.308326,7.035,4.12
123.957,50.181,82.112,460.631,63.45699637487088,31.221211731149726,75.20542278715408,409,398,8.158569E-3,2.047540E-3,21.995,5,12.880,2.508,204.635E-6,0.972,1.217,2.915,11.697,1.096,5.226,7.565,10.794,15.678,0.842359,0.242557,9.378,4.44
136.050,104.661,76.587,607.583,61.5392218886646,30.28951583879357,75.75897753491864,807,757,7.503877E-3,3.306794E-3,32.798,36,34.134,3.249,243.805E-6,1.426,1.579,4.277,15.341,1.339,6.391,9.847,16.724,19.174,0.771659,0.362836,6.578,10.0
123.388,71.479,75.694,597.197,63.60643396998236,29.28775789524119,75.55513159879138,1582,1470,8.249226E-3,2.380761E-3,36.998,81,43.307,1.553,128.081E-6,0.590,0.793,1.770,13.255,1.162,5.724,8.096,12.838,17.173,0.777679,0.343455,6.581,21.68
113.691,76.570,76.176,561.354,60.70320878574838,30.277917236313854,73.41273714991148,249,226,9.031213E-3,2.924813E-3,45.695,16,52.088,2.124,191.825E-6,0.759,1.083,2.276,13.643,1.215,6.825,8.051,9.096,20.476,0.729573,0.435759,5.105,4.56
143.017,68.172,104.554,537.955,66.06531103602995,35.74255517895586,75.96552241989801,290,280,7.073244E-3,2.151990E-3,17.121,5,20.962,2.169,153.410E-6,0.945,1.102,2.834,11.008,1.072,4.679,6.817,11.407,14.038,0.870640,0.188695,10.800,2.6
123.243,49.371,82.370,562.394,62.669229698195075,30.735109756063828,75.96597898716512,912,866,8.212104E-3,1.925599E-3,27.240,34,28.914,2.437,200.151E-6,0.993,1.200,2.979,12.350,1.121,5.149,7.593,11.576,15.447,0.825413,0.257823,8.327,11.08
126.777,44.794,78.679,599.138,61.99389508660051,30.691507848683127,75.8569207685457,1038,998,7.957695E-3,1.732703E-3,31.524,33,30.756,2.358,187.647E-6,0.932,1.101,2.797,12.982,1.174,5.632,8.518,11.686,16.897,0.832246,0.250004,8.556,12.56
112.542,27.933,83.019,321.147,62.73001687406091,32.139420496252605,76.10036498905058,279,268,8.970318E-3,1.507306E-3,30.591,10,37.981,1.916,171.901E-6,0.643,0.891,1.930,11.485,1.028,5.309,7.108,10.165,15.928,0.833150,0.241164,8.390,3.92
149.516,92.824,77.016,593.013,61.04885810611551,32.18388631713348,74.96156529477707,231,220,6.928134E-3,3.114473E-3,31.727,6,19.701,3.036,210.304E-6,1.366,1.578,4.097,13.533,1.247,5.747,7.736,12.765,17.241,0.801249,0.304199,7.500,2.52
137.388,56.761,76.418,515.961,59.41478190732394,30.757946948929128,75.70629604553201,751,714,7.374810E-3,2.015148E-3,35.027,26,35.602,2.750,202.778E-6,1.143,1.449,3.429,13.492,1.235,5.725,7.804,12.025,17.175,0.836534,0.243656,8.909,9.28
111.160,28.009,75.275,263.018,61.348012988476626,32.50023532843081,74.75267453269458,310,295,9.085538E-3,1.750512E-3,31.973,12,21.505,2.674,242.906E-6,1.092,1.257,3.275,14.225,1.302,5.433,7.881,11.943,16.300,0.810184,0.283820,7.772,4.44
120.324,32.659,76.258,416.099,58.73132976573139,29.812501048330418,74.88736607511667,709,679,8.370008E-3,1.828116E-3,36.769,24,43.145,2.658,222.492E-6,1.051,1.286,3.152,14.427,1.306,6.483,8.623,12.884,19.450,0.821345,0.268436,8.205,10.12
123.040,34.237,79.230,379.927,61.69714290408176,30.853203262809437,75.70421046011396,1035,996,8.158590E-3,1.736321E-3,30.224,31,33.850,2.209,180.221E-6,0.919,1.111,2.758,12.350,1.130,5.442,7.479,11.799,16.327,0.855795,0.204160,9.812,13.0
130.193,69.259,78.816,568.824,64.26132669328533,31.35694243624048,75.71859358703091,667,639,7.782349E-3,2.409606E-3,23.001,21,22.049,2.441,189.996E-6,1.043,1.286,3.130,13.298,1.205,5.493,7.401,12.671,16.480,0.840491,0.230538,9.042,7.16
112.309,23.406,83.069,435.837,61.159022744646585,30.532743688188667,75.74269352904278,472,456,8.918653E-3,1.427735E-3,30.200,14,25.717,2.006,178.879E-6,0.808,1.070,2.423,12.579,1.155,5.541,7.710,12.620,16.624,0.849478,0.215826,9.167,6.52
157.405,73.435,80.695,598.136,58.28193545430723,29.513120435205916,76.38129770982037,1227,1181,6.434959E-3,2.550423E-3,46.579,37,48.891,2.231,143.596E-6,0.924,1.087,2.773,11.047,1.039,4.624,6.191,9.708,13.871,0.840696,0.230727,9.201,15.96
146.421,11.099,129.161,161.054,38.09669453597576,29.924168820952378,72.21660586052609,17,16,6.876936E-3,0.540452E-3,91.071,0,0,5.528,380.130E-6,2.392,2.276,7.177,14.826,1.481,4.390,7.093,12.637,13.170,0.688672,0.514623,3.830,1.16
141.430,48.611,82.624,381.337,58.219478378462,29.846994539079425,74.50673501629416,924,880,7.150868E-3,1.916324E-3,38.152,30,40.500,2.185,156.267E-6,0.926,1.041,2.779,10.818,1.071,4.612,6.441,9.446,13.836,0.857521,0.209619,10.461,11.72
149.219,54.164,78.841,343.903,58.373010179457864,29.790020286873435,76.04041222255609,1113,1057,6.798091E-3,2.096659E-3,37.434,40,40.526,2.621,178.172E-6,1.029,1.207,3.087,11.545,1.059,5.215,7.161,11.122,15.644,0.838793,0.236141,9.271,13.28
118.329,39.538,81.227,448.182,63.34264153555188,32.23573316865141,76.30499535217956,1179,1138,8.514281E-3,2.011740E-3,25.485,33,26.792,1.998,170.131E-6,0.813,1.022,2.440,11.928,1.171,4.737,7.196,12.419,14.212,0.862381,0.200083,10.055,13.96
149.319,69.389,74.732,540.012,60.491852004679885,31.30299210403441,76.23471894910028,582,559,6.807108E-3,2.598531E-3,27.844,10,27.068,2.626,178.745E-6,1.215,1.157,3.646,13.091,1.223,6.097,7.869,12.964,18.290,0.885598,0.159824,11.044,5.92
151.539,44.649,88.920,283.434,59.45749295623318,29.86326707654535,75.82436223227393,350,338,6.687077E-3,1.874344E-3,29.513,6,15.192,3.631,242.816E-6,1.374,1.625,4.122,12.656,1.185,5.323,8.211,14.835,15.970,0.827931,0.258341,8.638,3.52
134.468,44.246,77.426,290.959,61.94997799156764,31.102726284488256,75.83125385517215,1270,1213,7.492715E-3,2.022828E-3,27.679,37,28.703,2.389,178.990E-6,0.977,1.090,2.932,11.323,1.089,5.127,6.691,11.090,15.381,0.856562,0.214458,10.109,14.12
121.179,29.550,82.707,283.626,62.452371061503996,30.69698678267299,75.48429262870913,1039,997,8.317414E-3,1.503977E-3,30.008,32,31.639,2.198,182.800E-6,0.849,1.028,2.546,11.241,1.055,4.698,6.865,11.800,14.094,0.851992,0.215686,9.686,12.76
141.324,24.633,112.896,263.838,63.16132816988393,35.36662917708134,75.58434766795597,250,240,7.096709E-3,1.031208E-3,35.548,9,27.345,2.635,186.966E-6,0.936,1.146,2.809,12.154,1.104,5.292,7.577,13.573,15.876,0.860104,0.191156,9.724,3.04
134.653,79.487,84.948,599.515,58.10718287265758,29.785276887397202,75.54461516615564,652,627,7.504951E-3,2.601951E-3,38.462,18,30.866,2.327,174.627E-6,0.935,1.106,2.806,11.731,1.139,5.029,7.363,11.415,15.088,0.853179,0.219668,10.004,8.48
137.145,61.223,83.722,558.426,60.70762451219698,30.40884904118282,75.15619836677931,771,730,7.372343E-3,2.024962E-3,34.553,32,40.195,2.793,205.928E-6,1.173,1.350,3.519,13.660,1.319,5.959,8.103,15.398,17.876,0.814853,0.281949,8.091,9.32
121.823,36.988,79.269,554.815,62.411475523750546,30.27353695359777,75.56113464382466,898,867,8.261581E-3,1.750309E-3,31.814,24,31.824,2.049,169.299E-6,0.781,0.988,2.343,10.716,0.992,4.502,5.978,9.309,13.507,0.871757,0.186826,10.957,11.44
132.076,42.478,78.148,554.769,61.68189155284925,30.59125023161482,76.71483850460805,2694,2601,7.617696E-3,1.840749E-3,31.996,77,35.535,2.028,154.482E-6,0.794,1.005,2.382,10.921,1.040,4.382,6.541,12.485,13.147,0.875248,0.177304,10.992,32.44
139.793,53.531,83.877,532.268,64.09212276711149,31.109720371039828,76.30643511529112,1801,1725,7.299782E-3,1.839758E-3,25.791,40,27.685,2.050,149.647E-6,0.827,0.967,2.482,11.134,1.006,4.569,6.708,12.118,13.707,0.872059,0.188463,11.201,18.68
130.624,63.956,75.142,583.760,61.61292384279429,29.680725322186625,75.98791551776412,1667,1595,7.715472E-3,2.373427E-3,33.777,55,37.009,2.270,175.115E-6,0.900,1.044,2.700,12.172,1.126,5.117,7.349,12.014,15.352,0.855408,0.213048,10.144,21.08
134.218,49.176,68.915,539.359,63.67374286677175,32.76847374210618,77.17210589072683,1114,1078,7.495095E-3,1.941419E-3,27.510,28,32.567,2.137,160.189E-6,0.849,0.995,2.547,10.602,1.046,4.320,6.312,11.216,12.959,0.881314,0.168647,11.605,12.28
119.820,31.979,79.463,284.179,58.48716908111944,30.25327118820489,76.55442084741213,662,637,8.393248E-3,1.775840E-3,45.363,20,50.481,1.725,144.770E-6,0.699,0.769,2.098,10.681,1.027,4.464,5.912,9.205,13.392,0.882838,0.159554,11.430,10.92
127.806,60.822,86.168,595.400,62.24494112800315,31.603213587221546,75.96813917267684,880,841,7.947420E-3,2.146168E-3,33.689,27,34.298,2.185,173.614E-6,0.844,1.024,2.531,11.693,1.136,4.743,6.815,12.452,14.230,0.860973,0.201165,10.170,11.28
130.474,36.777,77.723,298.365,62.81902463241517,31.0547043769218,76.91543088167728,846,812,7.686890E-3,1.736880E-3,28.601,29,33.519,2.612,200.812E-6,0.986,1.166,2.957,12.846,1.176,5.251,7.561,14.597,15.753,0.856825,0.196938,9.457,9.68
140.864,92.032,79.814,590.809,59.73472185522588,30.801302140314135,75.923924148844,628,590,7.258849E-3,2.691482E-3,37.265,25,44.402,2.363,171.498E-6,0.952,1.045,2.855,11.951,1.125,5.212,7.137,12.527,15.636,0.839578,0.239695,9.400,8.0
--undefined--,--undefined--,--undefined--,--undefined--,30.957458054775987,28.741698581150374,33.7574565196556,1,0,--undefined--,--undefined--,98.400,0,0,--undefined-,--undefined--,--undefined-,--undefined-,--undefined-,--undefined-,--undefined--,--undefined-,--undefined-,--undefined-,--undefined-,--undefined--,--undefined--,--undefined--,1.28
131.331,49.354,80.323,599.899,60.24346232661364,30.469630989079292,77.65499019333754,2547,2434,7.695530E-3,2.020992E-3,40.578,94,46.574,2.083,160.300E-6,0.798,0.957,2.395,11.611,1.108,4.755,7.250,12.848,14.265,0.858859,0.205084,10.103,35.64
151.838,25.638,118.238,207.205,54.878037971908576,33.937809760856624,76.2560958260159,91,89,6.582226E-3,1.074379E-3,62.147,1,36.554,2.195,144.476E-6,0.846,0.802,2.539,8.920,0.796,3.964,5.226,7.291,11.892,0.870370,0.186565,10.200,1.8
130.615,59.176,77.528,598.536,61.65310774321839,30.01052671085263,76.16760584754263,796,757,7.818385E-3,1.859122E-3,35.945,22,33.372,1.877,146.746E-6,0.675,0.729,2.025,10.065,0.941,3.941,5.784,10.473,11.824,0.885505,0.161170,11.541,10.24
125.346,47.949,83.024,540.606,61.468574024157284,30.793128088176317,76.0413069370474,560,540,8.048388E-3,1.723513E-3,33.752,14,30.484,1.954,157.262E-6,0.756,0.878,2.268,10.361,0.964,4.027,6.585,12.401,12.082,0.893568,0.152824,12.182,7.2
129.736,38.152,85.958,330.145,64.88437340091998,32.193717993378534,76.07842540695323,433,413,7.844193E-3,1.626584E-3,28.240,12,28.898,2.382,186.849E-6,1.060,1.300,3.180,12.417,1.062,5.593,7.921,11.059,16.779,0.861140,0.206837,10.253,5.2
130.021,59.732,77.177,586.223,62.0527243847776,29.163976530508123,76.9462630202718,1511,1443,7.784119E-3,2.192082E-3,32.586,42,35.961,2.322,180.720E-6,0.942,1.184,2.826,12.465,1.146,5.059,7.249,12.339,15.177,0.871208,0.182786,10.658,18.32
140.752,51.053,69.639,506.662,59.17976948987669,30.184556748278894,75.31740907612831,653,628,7.147240E-3,1.911363E-3,39.736,19,42.166,1.855,132.569E-6,0.714,0.859,2.142,9.484,0.866,4.071,5.393,8.793,12.213,0.888917,0.156197,12.286,8.36
137.028,51.860,74.877,591.168,64.07441694546172,32.29927808060472,75.64688559180806,639,615,7.335270E-3,2.003153E-3,27.850,19,32.815,1.945,142.702E-6,0.805,0.953,2.415,9.443,0.921,4.067,5.432,8.285,12.202,0.888787,0.155278,12.231,6.96
126.717,66.065,75.096,598.474,66.00483761657621,44.78324481807624,75.30107287963644,261,248,7.949709E-3,2.388038E-3,17.895,11,25.512,2.393,190.275E-6,0.867,1.068,2.602,13.300,1.138,6.180,8.453,13.137,18.540,0.844158,0.215187,8.649,2.88
132.340,28.766,79.124,271.229,57.571946092358914,29.403535386219115,75.45424099406662,626,597,7.547572E-3,1.432408E-3,44.911,24,33.542,1.998,150.794E-6,0.639,0.803,1.916,12.323,1.110,5.142,6.792,12.292,15.425,0.842893,0.226978,9.007,9.56
137.178,52.747,75.699,463.580,51.628990494075545,30.160670507313085,75.6367820866405,457,425,7.392840E-3,2.107941E-3,57.435,18,57.591,2.947,217.875E-6,1.179,1.132,3.537,12.255,1.138,5.072,7.415,12.971,15.217,0.835383,0.245271,8.943,8.84
127.250,36.595,88.508,276.529,63.62837769844842,30.929151778035685,76.13828944110047,616,600,7.912392E-3,1.821199E-3,23.298,13,27.565,1.894,149.899E-6,0.740,0.924,2.220,10.571,0.994,4.399,6.481,11.607,13.196,0.885869,0.158544,11.177,6.64
120.662,54.098,81.042,589.290,62.36439708728866,31.81476301024956,76.83945472088115,484,467,8.368744E-3,2.163722E-3,30.616,14,34.677,2.223,186.060E-6,0.874,1.066,2.623,12.154,1.087,4.836,7.275,11.797,14.508,0.860623,0.201824,10.103,6.04
116.122,48.927,74.890,584.557,61.48424539405457,30.794228942236558,75.99247239128071,458,436,8.696193E-3,2.081279E-3,34.477,17,40.078,2.254,196.040E-6,0.850,1.136,2.549,11.139,1.070,4.651,7.037,11.379,13.953,0.866028,0.197931,10.881,6.44
149.503,40.272,104.533,192.602,34.19247025556686,30.005653509139478,64.12607776722237,13,12,7.028816E-3,1.905098E-3,91.089,0,0,8.846,621.758E-6,4.063,6.906,12.188,24.497,2.525,11.837,--undefined-,--undefined-,35.512,0.732927,0.419553,5.007,1.04
119.388,34.191,84.811,264.093,59.875188016222715,30.48153792621911,74.75723961000963,285,271,8.390143E-3,1.873585E-3,36.430,11,23.586,2.160,181.232E-6,0.737,1.042,2.211,11.093,1.010,4.432,6.004,11.814,13.297,0.853608,0.208763,9.344,4.12
108.342,17.286,85.548,232.541,51.84771836828573,28.993947634897754,76.12832026594369,165,158,9.216111E-3,1.219959E-3,55.679,6,58.966,1.809,166.680E-6,0.639,0.877,1.918,11.498,1.075,4.677,6.756,12.862,14.031,0.861159,0.197078,9.804,3.64
121.077,18.423,78.609,186.992,52.08931596121584,29.032352992699355,75.45173628050921,350,341,8.247884E-3,1.256111E-3,53.160,8,10.725,2.055,169.519E-6,0.789,1.008,2.367,10.706,0.985,4.234,6.329,10.884,12.703,0.850100,0.223927,9.891,6.2
107.558,24.010,80.421,290.502,64.99593807672804,32.47006873146559,75.74106837813568,455,429,9.373601E-3,1.412470E-3,24.960,20,33.131,2.004,187.884E-6,0.815,0.998,2.444,12.892,1.149,5.579,7.458,12.990,16.737,0.838874,0.234873,8.927,6.24
114.046,19.547,80.480,219.240,63.05695304758151,32.54909978603312,74.79791989390233,283,269,8.756663E-3,1.442180E-3,31.852,13,32.428,2.181,190.943E-6,0.830,1.025,2.489,12.188,1.104,5.040,6.721,10.352,15.120,0.828048,0.251520,8.168,4.08
97.537,10.880,78.463,126.560,64.67912066345524,38.1339982854941,74.57708417880507,123,117,10.256486E-3,1.119890E-3,35.023,5,33.253,2.650,271.813E-6,1.138,1.281,3.414,12.854,1.166,5.509,8.732,10.856,16.528,0.823551,0.262046,8.411,2.2
101.506,14.108,75.120,127.265,51.84821871713342,30.94406488897024,75.37025203593936,93,85,9.873315E-3,1.525282E-3,70.509,7,64.180,2.456,242.498E-6,0.832,0.864,2.496,14.166,1.224,5.850,6.951,29.614,17.551,0.734302,0.419482,4.933,3.76
147.716,55.633,76.785,485.518,58.89063221447756,31.346546555605737,75.98032417305973,468,446,6.800656E-3,2.172362E-3,47.315,20,35.880,2.365,160.867E-6,0.969,1.189,2.907,12.010,1.192,4.772,7.129,15.356,14.316,0.855160,0.212814,9.823,6.92
133.451,53.162,80.216,558.470,61.16111872976136,30.936178611951618,75.1914554430473,832,787,7.656376E-3,1.934574E-3,35.762,27,41.638,2.441,186.912E-6,1.033,1.263,3.098,12.569,1.166,5.159,6.988,12.653,15.477,0.843559,0.229918,9.445,10.6
124.411,22.897,74.935,258.249,60.89485445803241,29.715993050053143,76.05375502136194,477,459,8.077162E-3,1.195786E-3,37.134,15,42.067,1.639,132.404E-6,0.574,0.740,1.723,8.568,0.841,3.440,5.342,9.499,10.320,0.897825,0.140562,12.087,6.52
133.042,56.706,81.103,527.174,58.32283509753777,29.0566479117443,76.03783826046408,388,370,7.551651E-3,2.121360E-3,42.259,15,48.863,2.282,172.343E-6,0.865,1.079,2.594,11.165,1.082,4.208,6.369,12.146,12.625,0.873535,0.177066,10.688,5.52
128.822,41.517,83.705,281.275,61.579716201844704,32.13152199622631,75.86858703061169,563,531,7.858268E-3,2.106830E-3,34.783,22,40.180,2.779,218.355E-6,1.137,1.192,3.411,12.789,1.161,5.463,6.714,9.812,16.389,0.826247,0.257865,8.675,7.16
117.284,43.201,77.873,531.469,62.12498250260832,29.829664425324097,75.94798683907227,1324,1278,8.562777E-3,2.023640E-3,33.184,40,28.959,1.970,168.668E-6,0.754,0.951,2.262,10.859,1.036,4.500,6.153,9.760,13.500,0.873581,0.180899,10.635,17.84
110.261,12.844,85.815,150.857,58.806155874014586,31.628550118169105,75.18735473524589,335,322,9.073058E-3,1.020997E-3,46.582,12,38.532,1.561,141.667E-6,0.541,0.662,1.623,10.480,0.955,4.628,5.947,10.068,13.884,0.873141,0.171699,10.173,6.32
119.342,49.280,72.772,526.592,62.1330776148462,31.123152318097503,76.24971356284733,980,926,8.491505E-3,2.129302E-3,35.482,37,36.255,2.200,186.788E-6,0.885,0.978,2.654,12.527,1.154,5.324,7.490,11.383,15.971,0.856375,0.204668,9.806,13.84
119.512,29.781,75.798,284.505,63.384237598150726,30.9879638399433,76.2836172351026,2035,1961,8.424378E-3,1.641678E-3,32.906,63,36.500,1.906,160.609E-6,0.732,0.910,2.196,10.958,0.999,4.445,5.966,10.069,13.335,0.869198,0.186225,10.557,27.32
131.303,75.362,75.605,535.442,66.27098989384227,43.563571752929505,75.62725264347598,528,502,7.637000E-3,2.808890E-3,21.593,16,27.185,2.745,209.643E-6,1.142,1.318,3.426,12.915,1.221,5.498,7.438,13.398,16.495,0.853647,0.220543,10.097,5.68
121.526,29.374,82.635,288.762,64.18569712924273,32.7163476172395,74.94647870657315,326,319,8.256907E-3,1.490613E-3,22.740,5,25.582,1.464,120.873E-6,0.601,0.753,1.804,8.939,0.862,3.477,5.014,8.961,10.430,0.894030,0.147032,12.335,3.68
123.379,58.920,74.976,595.257,63.985169317277744,31.06689326812338,75.60001315886018,764,738,8.218909E-3,2.267445E-3,25.552,20,29.073,2.291,188.256E-6,0.922,1.116,2.766,11.660,1.065,5.013,7.201,12.063,15.039,0.849557,0.219798,9.497,8.64
79.890,--undefined--,79.890,79.890,41.01382919513106,30.924612932080578,63.73750704706747,1,0,--undefined--,--undefined--,96.429,0,0,--undefined-,--undefined--,--undefined-,--undefined-,--undefined-,--undefined-,--undefined--,--undefined-,--undefined-,--undefined-,--undefined-,0.671417,0.489387,3.103,1.16
126.473,49.382,89.426,532.779,65.8885001036871,31.774976744620666,75.76316719070051,509,491,8.038216E-3,1.722846E-3,20.401,8,17.463,1.755,141.099E-6,0.731,0.898,2.192,10.918,0.989,4.405,6.354,8.917,13.216,0.874066,0.181031,10.633,5.52
123.774,42.660,78.399,408.951,64.12467307378301,32.636510285835925,75.77367669645183,626,603,8.194543E-3,2.046278E-3,21.123,15,21.361,2.481,203.282E-6,1.057,1.274,3.171,11.637,1.065,4.723,6.886,11.416,14.168,0.845213,0.229026,9.473,6.8
118.740,18.347,86.994,238.001,61.95429842451962,30.249867068410605,75.6353017238642,498,483,8.430412E-3,1.162409E-3,32.678,13,30.563,1.755,147.971E-6,0.646,0.793,1.939,10.714,1.036,4.091,5.824,9.867,12.272,0.879959,0.166228,10.768,6.64
117.026,23.754,74.158,255.063,63.5253768822785,33.38424039088715,75.86371345982295,334,322,8.577067E-3,1.345520E-3,24.940,10,21.659,2.197,188.444E-6,0.829,1.017,2.486,11.112,1.044,4.420,6.717,11.917,13.259,0.848859,0.216108,9.418,4.2
125.688,49.120,87.215,505.320,67.01681378994707,40.11703590983058,75.45258961056967,408,398,8.004772E-3,1.849450E-3,15.062,6,13.431,1.955,156.486E-6,0.753,0.979,2.258,10.721,1.037,4.567,6.446,11.261,13.700,0.870000,0.176292,10.016,4.08
124.924,65.217,79.036,596.912,63.88650066041208,31.149582092863003,76.21165835395283,813,777,8.148187E-3,2.211977E-3,24.324,27,29.355,1.946,158.567E-6,0.724,0.898,2.171,12.082,1.148,4.973,7.551,11.396,14.919,0.849002,0.222035,9.421,9.28
113.455,55.742,74.971,598.289,59.78418895975219,30.633340192606894,74.88294487973634,397,378,8.960658E-3,2.371510E-3,32.675,14,19.535,2.812,251.933E-6,1.117,1.337,3.352,13.950,1.334,5.691,8.210,13.475,17.072,0.810526,0.282498,7.796,5.6
96.594,13.446,75.081,127.646,65.49469942814805,47.6176356262945,74.73702665668215,89,83,10.301542E-3,1.473388E-3,27.200,4,29.731,2.416,248.845E-6,0.961,1.136,2.882,14.097,1.138,7.127,9.952,16.259,21.381,0.790302,0.304271,6.683,1.28
116.749,35.104,82.237,564.113,61.95401534342585,30.377759357400883,75.33182947045242,1358,1309,8.608529E-3,1.643732E-3,30.895,40,33.414,2.028,174.588E-6,0.809,0.966,2.428,11.313,1.050,4.759,6.732,11.551,14.277,0.859551,0.200505,9.757,17.8
118.861,22.460,83.826,264.992,64.04737465092707,31.06442585187104,74.87652654161242,323,314,8.448564E-3,1.340838E-3,25.197,8,19.330,1.892,159.871E-6,0.679,0.784,2.036,11.534,0.986,4.883,7.426,12.807,14.650,0.859284,0.195603,9.488,3.84
113.860,56.908,75.010,592.878,63.24472004142395,31.957462982665653,75.02756374722294,546,530,8.844617E-3,2.383456E-3,24.505,13,21.115,2.146,189.833E-6,0.812,1.038,2.436,12.128,1.111,5.169,7.332,11.438,15.506,0.846941,0.218660,9.050,6.6
125.684,52.309,75.080,582.605,63.13778871506377,30.296062414084318,76.52299964998653,1029,987,8.018891E-3,2.208969E-3,24.809,32,31.549,2.422,194.245E-6,0.966,1.116,2.898,14.077,1.265,5.926,8.998,15.511,17.779,0.834436,0.232695,8.303,11.84
150.526,55.241,75.286,512.698,60.075265952325196,30.805183888260746,76.30233072525047,938,919,6.678034E-3,1.941248E-3,38.367,16,23.243,2.217,148.062E-6,0.930,1.081,2.789,10.716,1.040,4.298,5.972,11.468,12.895,0.881560,0.171511,11.970,10.56
153.478,81.313,74.923,518.050,61.02139255406893,31.266274502310452,76.5168916643992,479,452,6.589065E-3,2.452260E-3,40.000,17,38.113,3.075,202.597E-6,1.345,1.723,4.035,13.798,1.324,6.238,7.714,14.584,18.715,0.850704,0.227776,10.285,5.68
123.111,32.845,78.530,530.082,63.05149423052302,30.437530837033783,76.23539113960645,1048,1005,8.178426E-3,1.353997E-3,31.019,30,36.994,1.611,131.723E-6,0.611,0.762,1.834,12.292,1.121,5.141,7.557,13.539,15.423,0.866030,0.186659,9.971,13.28
129.159,36.022,66.780,289.789,64.62539366301978,30.76519430789352,76.51351508293132,1231,1192,7.761691E-3,1.713103E-3,23.777,28,26.395,1.985,154.081E-6,0.753,0.943,2.258,10.706,1.013,4.310,6.394,11.294,12.930,0.874033,0.180469,10.960,13.32
123.808,27.461,74.931,282.471,59.975399654040096,29.94091617289531,75.4682006248399,492,475,8.084549E-3,1.528114E-3,36.141,15,39.328,1.773,143.317E-6,0.657,0.789,1.970,9.811,0.975,4.217,5.675,8.875,12.652,0.866463,0.193388,10.536,6.56
135.226,31.273,99.812,423.706,58.77311188967003,30.091860136413548,76.49837554281456,469,445,7.417550E-3,1.257646E-3,46.564,21,53.404,2.316,171.761E-6,0.860,1.133,2.579,11.672,1.055,4.953,6.800,10.994,14.859,0.849060,0.212310,9.293,7.16
129.335,42.557,88.122,278.373,63.4927658520869,33.3481910043851,75.16115949402368,406,387,7.790475E-3,2.043840E-3,28.814,14,34.570,2.791,217.407E-6,1.309,1.431,3.928,13.020,1.164,5.990,8.543,15.285,17.970,0.830336,0.247722,8.296,4.76
141.137,65.014,76.687,572.323,59.06000283139503,30.486994157493065,77.87481560954143,671,639,7.139736E-3,1.964923E-3,45.271,25,37.469,2.293,163.741E-6,0.915,1.114,2.745,11.861,1.118,5.177,7.378,12.295,15.532,0.848452,0.210797,9.059,9.44
135.740,59.191,86.911,530.112,61.14392278799234,30.600503732672742,75.14771511567479,690,654,7.500770E-3,1.981510E-3,39.824,25,45.310,2.047,153.522E-6,0.856,1.035,2.569,11.618,1.039,5.303,7.191,11.131,15.909,0.859319,0.201776,9.771,9.12
131.451,64.175,84.019,601.044,62.150488856035665,30.50251560036092,76.14031243103855,1094,1048,7.708056E-3,2.018891E-3,31.843,25,37.190,1.988,153.212E-6,0.743,0.927,2.229,10.548,1.012,4.496,5.909,9.837,13.487,0.880930,0.165060,11.069,13.0
136.193,44.130,90.041,287.153,58.76167461086675,31.25237880603294,75.76787857637284,274,267,7.402323E-3,2.051719E-3,41.910,5,44.735,2.395,177.272E-6,0.969,1.201,2.908,14.760,1.341,7.286,9.273,13.420,21.858,0.844078,0.219838,8.615,3.8
126.902,58.198,77.467,566.606,61.462075804964634,35.43610304140374,74.98525917495311,251,239,8.115292E-3,1.903575E-3,33.115,8,34.959,3.136,254.480E-6,1.283,1.595,3.849,13.655,1.341,5.462,7.518,14.404,16.386,0.830984,0.254080,8.688,3.08
119.570,27.399,86.386,287.192,62.81918622669816,32.825922298435664,76.14673672670278,248,234,8.437340E-3,1.356603E-3,37.950,9,43.866,1.967,165.925E-6,0.786,1.091,2.359,12.036,1.119,4.757,7.768,13.229,14.270,0.852357,0.219714,9.233,3.64
160.954,115.445,87.515,592.327,66.27591041731786,46.933564442230775,75.23710310875897,368,352,6.345513E-3,2.996145E-3,12.969,11,21.820,2.878,182.608E-6,1.241,1.493,3.724,15.567,1.360,6.815,9.410,15.238,20.445,0.789694,0.327760,7.185,2.96
152.113,25.876,116.209,203.021,63.93970102284032,31.458112476866695,76.50093253372071,166,164,6.596275E-3,1.141951E-3,28.025,1,8.777,2.496,164.659E-6,0.937,1.043,2.812,11.973,1.041,4.986,6.975,11.726,14.958,0.845653,0.222353,8.765,1.6
136.573,19.931,78.879,172.827,59.34508539290027,33.69333380082064,75.89644336957447,163,158,7.318030E-3,1.172813E-3,42.982,4,17.317,2.701,197.656E-6,0.808,1.133,2.423,14.205,1.231,5.566,8.864,19.129,16.697,0.854826,0.209426,9.353,2.32
132.799,54.013,83.242,598.010,62.220293061230414,31.38086261168128,76.20486977520117,659,629,7.643894E-3,1.983475E-3,34.286,22,30.709,2.125,162.458E-6,0.841,1.009,2.523,12.256,1.170,5.737,7.153,11.165,17.212,0.844091,0.223603,9.121,8.08
147.488,79.164,69.440,596.112,62.1719905410488,29.740724559321627,77.32381055110005,1339,1270,6.882404E-3,2.286338E-3,35.290,44,40.573,2.586,177.993E-6,0.982,1.179,2.945,13.638,1.249,5.823,7.804,14.037,17.468,0.839276,0.230138,8.682,15.36
170.756,62.015,93.955,277.488,48.8243381918924,29.82403908358448,75.1744092084923,109,103,5.831237E-3,2.359858E-3,76.164,5,82.982,1.562,91.103E-6,0.671,0.656,2.014,15.922,1.470,5.799,8.407,13.789,17.398,0.860233,0.187344,9.131,3.68
128.068,11.461,115.354,154.900,40.42199349516628,29.174612043315914,75.09431061372528,57,55,7.794767E-3,0.653186E-3,78.733,0,0,1.069,83.306E-6,0.415,0.479,1.246,8.543,0.766,3.504,5.151,7.822,10.513,0.842545,0.247032,8.586,2.24
135.457,88.238,82.107,580.255,62.26468897231304,32.26079465637905,75.25564166669461,537,510,7.559640E-3,2.707844E-3,29.557,20,35.555,2.263,171.040E-6,0.829,0.996,2.488,13.297,1.226,5.101,7.466,13.205,15.304,0.818032,0.264481,7.980,6.12
150.001,71.103,77.164,290.276,62.78932990965346,33.93119624804124,75.25613435566673,140,132,6.734650E-3,2.974760E-3,21.600,5,26.869,3.334,224.556E-6,1.378,1.577,4.133,17.102,1.451,8.195,11.149,8.956,24.585,0.826593,0.253832,8.314,1.28
116.349,29.813,81.202,271.904,65.10179411503152,34.92120558476083,75.22553671180667,498,478,8.651026E-3,1.700132E-3,21.815,15,19.711,2.308,199.655E-6,0.924,1.171,2.771,13.849,1.225,5.732,8.625,15.839,17.196,0.842258,0.224597,8.912,5.76
121.124,40.713,85.026,565.018,62.23070734068605,31.268597679227813,76.1868218476008,675,643,8.305423E-3,1.746255E-3,32.383,25,37.871,2.364,196.315E-6,0.966,1.120,2.897,12.327,1.119,5.219,7.281,11.716,15.657,0.851644,0.215072,9.457,8.8
117.228,38.527,76.003,548.311,63.508607688053345,30.97910425011673,75.62313606410522,840,814,8.574028E-3,1.875683E-3,24.873,23,28.303,2.334,200.155E-6,0.869,1.244,2.606,12.205,1.111,5.208,7.337,12.407,15.624,0.858538,0.199401,9.623,9.88
132.706,75.944,80.642,556.491,63.10230607081132,31.232399361583205,75.38617847908634,683,662,7.648890E-3,2.745274E-3,23.960,15,21.199,2.512,192.163E-6,0.989,1.310,2.966,13.185,1.216,5.745,7.992,13.177,17.236,0.831886,0.246090,8.481,7.0
119.789,71.953,84.285,599.650,64.32625228780755,32.35995008862466,76.14852753727064,530,506,8.402718E-3,2.653568E-3,24.490,16,25.242,1.863,156.561E-6,0.752,1.077,2.257,13.551,1.221,5.470,8.618,14.228,16.410,0.841080,0.228356,8.904,6.4
105.895,45.806,75.143,547.058,66.29943158178904,36.685996756273966,75.19816737027314,366,344,9.558576E-3,2.112598E-3,24.330,17,30.344,2.051,195.999E-6,0.700,0.880,2.101,12.073,1.079,5.226,7.067,11.932,15.678,0.833310,0.249421,8.629,4.88
141.900,69.501,79.186,270.947,39.25226688441271,28.1767336762325,74.85059329844651,39,35,7.377305E-3,3.399691E-3,83.784,3,74.559,5.342,394.073E-6,2.391,2.100,7.174,16.300,1.283,3.877,7.792,--undefined-,11.632,0.766092,0.347356,5.888,1.88
126.485,36.259,80.219,271.490,64.86460346629157,31.5285975988893,76.2810215218859,462,444,7.927798E-3,2.019238E-3,27.429,14,32.340,2.212,175.360E-6,0.915,1.026,2.746,11.106,1.047,4.592,6.348,11.205,13.776,0.867558,0.193736,10.466,5.28
121.017,59.408,84.256,579.045,60.624761060702,30.52831732319597,75.51697824115115,512,491,8.442203E-3,2.164565E-3,37.450,14,33.946,1.787,150.859E-6,0.688,0.953,2.064,11.932,1.075,5.204,6.936,10.027,15.611,0.870422,0.186184,10.451,7.48
111.573,26.697,73.473,493.271,61.234197967615486,30.900938725452377,76.00932923005034,921,896,8.968551E-3,1.411916E-3,35.688,22,35.978,1.667,149.528E-6,0.645,0.820,1.935,10.790,1.034,4.523,6.422,11.982,13.569,0.889954,0.147579,11.253,13.48
126.813,59.485,83.125,574.625,62.65286053857667,32.96822944918131,76.10243749245787,410,391,7.921227E-3,2.285503E-3,29.448,14,30.602,2.733,216.495E-6,1.175,1.402,3.525,12.911,1.206,5.778,8.441,13.466,17.334,0.836903,0.241763,8.878,4.92
108.672,26.089,81.110,289.853,62.9651028615417,30.809324525047334,75.30027946487147,639,619,9.197793E-3,1.650557E-3,30.197,16,30.078,1.851,170.220E-6,0.715,0.963,2.145,11.233,1.054,4.523,6.470,11.525,13.569,0.874604,0.174814,10.313,8.64
130.346,32.301,82.809,241.341,49.83603274338753,29.00205640810357,76.5552480424516,212,207,7.694076E-3,1.663512E-3,58.432,4,8.942,2.076,159.694E-6,0.693,0.934,2.080,13.128,1.153,4.918,7.589,15.627,14.755,0.869325,0.186171,9.889,4.24
114.473,20.736,88.986,277.934,66.06035756568423,33.547159530822974,76.08744571666477,435,421,8.791862E-3,1.235322E-3,21.881,11,26.874,2.399,210.918E-6,0.882,1.185,2.645,13.059,1.154,5.600,7.988,15.052,16.799,0.855084,0.210326,9.557,5.24
122.302,26.050,86.080,271.371,62.28811020199247,28.892298210465427,75.89791226216066,665,645,8.191769E-3,1.400145E-3,27.540,17,21.418,1.949,159.666E-6,0.708,0.844,2.123,11.987,1.136,4.810,7.367,11.957,14.430,0.878045,0.170553,10.660,8.2
125.952,53.694,86.603,582.813,62.46888789398255,31.03670180725257,75.66205235803481,536,523,8.018277E-3,2.209164E-3,24.307,11,24.444,2.150,172.358E-6,0.896,1.159,2.688,12.020,1.138,4.978,8.446,13.944,14.933,0.859175,0.201134,9.793,6.16
138.452,41.233,76.895,268.957,63.379296036561506,32.16741057406354,75.94383995712886,430,409,7.342159E-3,1.896975E-3,23.501,14,26.433,2.719,199.616E-6,1.128,1.347,3.383,13.264,1.170,5.574,7.893,13.390,16.723,0.855968,0.206538,9.447,4.2
111.757,22.656,72.892,278.029,64.21261954859244,31.256051701498787,75.7801835824789,812,782,8.971297E-3,1.437915E-3,26.033,27,32.378,2.254,202.177E-6,0.861,1.107,2.584,13.094,1.171,5.440,8.301,14.208,16.319,0.856467,0.200283,9.454,10.44
121.660,50.426,82.208,403.439,64.49912010621021,35.69645594519058,76.09374525550415,429,414,8.327094E-3,2.323223E-3,21.218,12,27.207,2.411,200.795E-6,0.989,1.355,2.967,13.161,1.226,5.374,8.430,14.556,16.122,0.839418,0.234618,8.920,4.8
116.606,47.836,76.736,561.195,62.068089734797624,30.671617868729935,75.59878452436585,757,724,8.708355E-3,2.010344E-3,29.256,24,29.873,2.090,182.040E-6,0.804,0.970,2.413,12.823,1.164,5.616,7.557,13.105,16.849,0.850974,0.210333,9.334,9.84
124.542,28.281,96.051,244.001,59.891548612261424,31.118297878744116,76.07326286732047,228,218,8.156853E-3,1.445448E-3,30.961,4,8.234,2.467,201.219E-6,0.885,1.103,2.654,12.316,1.136,5.578,8.496,15.127,16.733,0.828181,0.240238,7.993,2.84
112.089,25.884,78.168,329.791,61.92424616120854,31.638747874477406,77.33330214763623,688,659,8.966108E-3,1.572829E-3,31.057,25,28.578,2.366,212.130E-6,0.901,1.132,2.703,11.191,1.027,4.922,6.640,10.910,14.767,0.836958,0.240061,8.870,9.4
118.320,59.988,73.917,589.394,63.075267882757814,31.707508393652045,76.1542615796898,824,789,8.521577E-3,2.343353E-3,27.405,26,33.824,2.295,195.564E-6,0.937,1.290,2.811,13.656,1.225,5.608,8.040,15.152,16.824,0.835411,0.239627,8.749,10.32
157.047,89.054,94.777,584.349,45.10648043151623,28.14537605731259,75.32750567497017,202,190,6.346093E-3,2.521464E-3,71.585,10,15.108,2.398,152.160E-6,0.790,1.072,2.371,13.798,1.240,5.893,8.165,13.228,17.679,0.796653,0.308765,7.125,5.52
140.712,94.245,80.702,598.755,63.16848583864139,31.524375920349645,75.39933580779083,339,321,7.240018E-3,2.986972E-3,30.073,11,32.009,2.497,180.784E-6,1.048,1.345,3.144,13.807,1.255,5.592,8.319,15.702,16.775,0.819295,0.263768,7.937,4.12
118.065,38.711,89.438,268.772,47.49651696117856,29.569589599978222,75.40124704450248,79,70,8.511404E-3,2.069670E-3,75.071,8,46.743,2.609,222.104E-6,0.834,1.117,2.501,12.010,1.188,5.383,7.890,5.403,16.150,0.781968,0.326243,6.511,3.56
128.826,42.662,66.775,293.891,63.079062476694446,32.5048860027254,75.24918749455327,222,207,7.701373E-3,2.370814E-3,31.058,10,36.565,3.015,232.166E-6,1.306,1.391,3.917,14.195,1.207,7.506,9.294,11.439,22.517,0.755558,0.370417,5.735,2.96
201.580,15.236,183.976,250.516,63.50246822795028,42.93758998627682,75.86575249407248,106,104,4.958893E-3,0.373635E-3,41.584,1,35.886,0.953,47.277E-6,0.337,0.367,1.010,9.120,0.927,4.246,5.103,6.627,12.739,0.899413,0.127387,11.706,1.04
221.400,44.993,166.081,337.352,66.1426354292371,41.2489157898075,74.44989280642676,482,475,4.532328E-3,0.888986E-3,25.253,4,24.735,2.428,110.041E-6,1.299,1.377,3.897,10.682,1.023,5.117,6.037,8.660,15.351,0.876907,0.168626,10.535,3.0
144.789,26.384,76.448,292.555,51.06298134546036,28.387132553626632,75.95266578202484,1097,1064,6.899272E-3,1.092520E-3,58.093,29,60.178,1.853,127.827E-6,0.816,0.954,2.447,11.579,1.095,4.928,6.625,11.938,14.785,0.874872,0.172934,10.330,19.12
132.190,27.586,96.516,368.862,62.597719497979085,34.70664289382312,76.08108576268627,233,221,7.555028E-3,1.073867E-3,42.980,11,37.775,2.333,176.230E-6,0.858,1.019,2.574,10.912,0.979,4.858,6.815,7.365,14.575,0.829514,0.255486,8.894,3.52
122.294,31.286,98.177,278.484,66.84275117716388,46.0013199774756,75.60827715945832,158,150,8.305500E-3,1.401391E-3,25.414,6,29.455,2.841,235.978E-6,1.269,1.601,3.807,16.072,1.295,7.297,10.459,17.387,21.892,0.781720,0.332679,6.505,1.84
