Mean pitch,Standard deviation,Minimum pitch,Maximum pitch,Mean intensity,Minimum intensity,Maximum intensity,Number of pulses,Number of periods,Mean period,Standard deviation of period,Fraction of unvoiced,Number of voice breaks,Degree of voice breaks,Jitter local,Jitter local absolute,Jitter rap,Jitter ppq5,Jitter ddp,Shimmer local,Shimmer local dB,Shimmer apq3,Shimmer apq5,Shimmer apq11,Shimmer dda,Mean autocorrelation,Mean NHR,Mean HNR,Audio Length
160.749 ,30.185 ,75.966 ,226.709 ,42.93974726356737,56.78655770363803,17.165377544098025,349,337,6.235222E-3 ,1.390593E-3 ,23.841,6,27.551,3.749,233.789E-6 ,1.653,1.843,4.959,14.101,1.371 ,6.058,8.276,11.095,18.173,0.832954,0.249722,8.924 ,3.0589791666666666
144.902 ,40.727 ,73.385 ,281.231 ,37.64480540500576,57.7160573252266,15.120754827118683,324,311,6.974866E-3 ,1.916920E-3 ,39.950,9,42.194,3.164,220.714E-6 ,1.345,1.552,4.035,14.584,1.426 ,6.733,9.344,15.973,20.200,0.857097,0.200353,9.330 ,4.018979166666667
151.314 ,35.473 ,66.912 ,560.234 ,35.32836679183817,56.63465951205626,13.691981461124229,1834,1769,6.624876E-3 ,1.433228E-3 ,42.431,56,47.236,3.018,199.955E-6 ,1.348,1.428,4.045,12.242,1.182 ,5.357,6.914,12.016,16.071,0.870550,0.184297,10.642 ,22.49897916666667
152.687 ,30.449 ,101.205 ,251.919 ,37.10811843132774,55.931169703058956,14.423351098262906,873,841,6.565582E-3 ,1.287711E-3 ,38.469,23,43.464,2.981,195.749E-6 ,1.271,1.477,3.813,11.182,1.107 ,4.948,6.446,11.103,14.843,0.870664,0.184796,11.027 ,10.090979166666667
164.141 ,55.425 ,81.765 ,453.429 ,36.186183719856736,56.02874346739852,15.277022139197431,657,631,6.187554E-3 ,1.714790E-3 ,39.625,15,42.483,3.204,198.235E-6 ,1.327,1.584,3.981,11.432,1.125 ,4.277,6.183,12.439,12.830,0.864762,0.200885,10.698 ,6.970979166666667
148.445 ,39.384 ,75.907 ,426.681 ,35.90487728535905,54.767489683078985,13.884540970602501,437,422,6.728390E-3 ,1.551952E-3 ,39.813,11,42.986,2.876,193.513E-6 ,1.170,1.431,3.509,12.712,1.174 ,5.650,7.104,12.339,16.950,0.889841,0.145109,11.113 ,5.386979166666666
151.474 ,35.449 ,73.731 ,350.630 ,34.76370012343348,55.11704509875368,13.605928555617687,1197,1155,6.627971E-3 ,1.586710E-3 ,41.391,31,45.264,3.158,209.321E-6 ,1.351,1.625,4.054,11.114,1.074 ,4.801,6.861,10.780,14.404,0.872119,0.182380,10.794 ,14.266979166666667
158.003 ,47.783 ,88.392 ,392.609 ,33.96083506329323,53.91468918539146,14.356797011470695,527,507,6.399977E-3 ,1.611316E-3 ,41.030,11,41.815,3.007,192.466E-6 ,1.314,1.508,3.941,13.902,1.272 ,6.236,7.837,13.562,18.707,0.888391,0.148048,11.398 ,6.058979166666667
153.464 ,50.769 ,69.680 ,477.793 ,32.9566282472903,53.98876850710739,12.809995575789149,1417,1374,6.603923E-3 ,1.714431E-3 ,40.074,29,42.627,3.125,206.356E-6 ,1.410,1.587,4.231,12.615,1.198 ,5.256,7.194,13.103,15.769,0.876750,0.174786,11.080 ,16.258979166666666
153.761 ,33.020 ,75.748 ,256.502 ,33.12197357758186,52.344947318720486,12.84056789389936,609,586,6.554845E-3 ,1.504312E-3 ,40.529,17,45.337,3.598,235.871E-6 ,1.611,1.786,4.833,13.772,1.217 ,6.422,8.836,13.154,19.266,0.843091,0.233615,9.512 ,7.210979166666666
158.730 ,36.233 ,80.626 ,359.709 ,32.459668755646064,51.79078514217277,13.32777623206906,1119,1072,6.299227E-3 ,1.432372E-3 ,38.697,37,43.842,3.330,209.758E-6 ,1.542,1.788,4.626,11.747,1.132 ,4.704,6.804,11.799,14.113,0.869314,0.188048,10.886 ,12.466979166666667
152.636 ,36.794 ,75.944 ,416.148 ,28.833365252971358,51.76588332934172,9.328714582522524,1292,1247,6.573115E-3 ,1.360614E-3 ,47.940,36,51.957,3.047,200.308E-6 ,1.305,1.518,3.914,12.709,1.210 ,6.124,7.471,12.131,18.371,0.875858,0.172855,10.522 ,17.266979166666665
159.217 ,43.535 ,72.579 ,472.137 ,32.71504261499919,51.66129076329379,11.189369194903641,1421,1375,6.324818E-3 ,1.560816E-3 ,37.035,37,41.627,3.198,202.264E-6 ,1.413,1.611,4.239,11.302,1.129 ,4.880,6.636,11.636,14.639,0.867761,0.188475,10.694 ,15.346979166666667
159.366 ,46.986 ,77.931 ,464.400 ,29.966189758494842,50.92479863206484,-2.085522094324207,1058,1010,6.337044E-3 ,1.395762E-3 ,43.315,31,47.316,3.741,237.045E-6 ,1.727,1.848,5.182,13.277,1.294 ,6.255,8.188,13.725,18.766,0.838671,0.233982,9.064 ,12.826979166666666
130.818 ,12.730 ,100.975 ,192.243 ,32.55302875526831,52.05071686162404,15.808466730278205,229,222,7.666992E-3 ,0.761936E-3 ,51.435,6,19.996,3.212,246.243E-6 ,1.342,1.405,4.025,11.360,1.128 ,5.011,6.570,10.285,15.034,0.865258,0.197374,11.262 ,4.210979166666666
143.218 ,49.691 ,93.003 ,572.646 ,34.094607388668365,56.12162409354761,12.811235615614308,738,716,6.981912E-3 ,1.645721E-3 ,45.046,21,32.659,2.614,182.523E-6 ,1.137,1.427,3.410,11.628,1.106 ,4.493,7.431,11.484,13.478,0.834064,0.262373,9.306 ,9.826979166666666
134.506 ,38.390 ,78.932 ,578.724 ,31.60484505640091,55.51122090398421,11.901195000161866,4588,4352,7.453552E-3 ,1.410202E-3 ,51.539,211,57.249,2.738,204.078E-6 ,1.277,1.388,3.831,12.605,1.210 ,5.384,7.575,13.629,16.153,0.832304,0.251081,8.942 ,76.69097916666666
136.934 ,41.388 ,79.191 ,552.072 ,32.043294903460875,57.02795533262168,13.432209814573046,1491,1422,7.344532E-3 ,1.436658E-3 ,55.688,63,59.531,2.130,156.436E-6 ,0.849,0.965,2.547,12.062,1.151 ,4.930,7.298,11.747,14.790,0.869424,0.186216,10.289 ,26.050979166666668
138.116 ,30.568 ,100.643 ,599.811 ,32.65650035438821,54.62117972876837,14.172493707517706,1404,1350,7.256298E-3 ,1.203603E-3 ,50.384,47,52.757,2.324,168.612E-6 ,1.007,1.176,3.020,10.796,1.084 ,4.215,6.335,11.318,12.644,0.860077,0.205164,10.559 ,22.186979166666667
130.945 ,21.623 ,95.833 ,231.305 ,32.245832446125526,53.50077795220645,13.564865587813419,722,697,7.627667E-3 ,1.198233E-3 ,46.303,20,49.060,2.184,166.576E-6 ,1.013,1.201,3.038,10.959,1.101 ,4.577,6.706,11.192,13.732,0.856424,0.218409,10.514 ,10.858979166666666
129.793 ,17.887 ,77.221 ,195.689 ,31.406015069105898,52.617000538869505,13.099234682066623,1050,1012,7.681963E-3 ,1.028058E-3 ,50.233,35,51.291,2.261,173.708E-6 ,0.950,1.080,2.851,10.837,1.076 ,4.134,6.336,12.538,12.403,0.861553,0.203442,10.528 ,17.218979166666667
131.069 ,24.422 ,84.919 ,461.469 ,30.911060411206964,52.28379315678389,11.44524248990753,2596,2489,7.632567E-3 ,1.085809E-3 ,49.559,101,55.475,2.309,176.231E-6 ,1.015,1.166,3.044,11.554,1.131 ,4.521,6.828,13.505,13.563,0.857257,0.208766,10.053 ,43.09097916666666
128.674 ,36.082 ,98.897 ,595.963 ,29.23179447602717,52.458641295928615,12.769471373715557,921,881,7.813949E-3 ,1.276997E-3 ,53.791,38,58.678,2.284,178.460E-6 ,1.037,1.149,3.112,11.969,1.161 ,4.796,7.626,15.265,14.388,0.848802,0.223127,9.700 ,16.786979166666665
128.591 ,21.204 ,81.508 ,472.584 ,29.693751709030213,52.72772701273408,9.62210486362071,2537,2431,7.781713E-3 ,1.026948E-3 ,50.611,98,55.307,2.086,162.310E-6 ,0.887,1.018,2.660,11.004,1.103 ,4.448,6.746,11.656,13.343,0.857451,0.207257,9.939 ,42.61097916666667
134.216 ,34.863 ,66.888 ,574.340 ,28.444152080120922,52.0583368429725,9.60243830178624,1271,1212,7.446512E-3 ,1.481633E-3 ,55.834,55,60.684,2.345,174.588E-6 ,0.993,1.084,2.980,12.418,1.182 ,4.994,7.401,12.266,14.981,0.858031,0.200639,9.862 ,23.170979166666665
162.029 ,36.543 ,72.569 ,283.190 ,23.685222299041868,57.354438731521185,8.921875648151566,299,288,6.136954E-3 ,1.288101E-3 ,73.427,9,74.524,2.602,159.677E-6 ,1.226,1.325,3.677,12.899,1.137 ,4.786,6.170,13.857,14.359,0.865361,0.186332,9.780 ,7.186979166666666
229.337 ,29.163 ,160.680 ,287.269 ,37.10703567865606,54.51884243877771,11.41608274784247,449,434,4.389159E-3 ,0.594835E-3 ,38.671,12,41.335,2.083,91.432E-6 ,0.888,0.946,2.664,10.564,0.985 ,3.458,5.574,10.272,10.374,0.886457,0.152945,11.285 ,3.346979166666667
225.194 ,28.724 ,174.548 ,291.774 ,34.02599768698416,53.690144605489664,10.00046638840913,170,162,4.469536E-3 ,0.566999E-3 ,57.219,7,59.353,2.013,89.950E-6 ,0.826,0.822,2.478,13.866,1.138 ,3.575,5.303,10.488,10.724,0.879608,0.159958,10.370 ,1.9069791666666667
213.626 ,37.220 ,147.783 ,420.069 ,33.52113439714611,54.06891190133809,8.129217026573253,375,361,4.698920E-3 ,0.758629E-3 ,48.225,12,47.718,1.794,84.285E-6 ,0.757,0.767,2.270,11.509,1.081 ,4.286,6.589,9.060,12.857,0.864730,0.187670,9.989 ,3.4189791666666665
204.066 ,53.788 ,84.965 ,493.602 ,32.940451657872266,54.449977262476565,6.941535771808866,451,434,4.897563E-3 ,1.309835E-3 ,48.292,16,47.741,2.180,106.766E-6 ,0.886,0.926,2.657,12.004,1.084 ,4.182,5.675,8.186,12.545,0.849191,0.213991,9.357 ,4.4269791666666665
216.188 ,53.121 ,103.371 ,591.130 ,29.974492711966167,54.16577507983681,5.5757052294959,765,736,4.671307E-3 ,0.916816E-3 ,52.480,21,53.704,1.855,86.637E-6 ,0.794,0.787,2.382,12.649,1.123 ,4.795,6.557,10.871,14.385,0.865425,0.187239,10.035 ,7.690979166666667
207.174 ,40.517 ,78.910 ,325.561 ,17.391851750962577,53.603923588369,5.039061822426348,220,211,4.836990E-3 ,1.187044E-3 ,79.537,8,80.084,2.623,126.865E-6 ,1.159,0.663,3.476,14.206,1.178 ,5.429,7.159,10.784,16.287,0.817218,0.260436,7.982 ,5.650979166666667
228.378 ,31.164 ,183.200 ,320.444 ,39.42921530181027,50.59259483990226,18.225400629675384,240,233,4.388992E-3 ,0.590934E-3 ,23.239,4,22.085,1.793,78.693E-6 ,0.765,0.822,2.295,10.663,1.003 ,3.921,5.752,8.453,11.764,0.900087,0.124850,11.370 ,1.4509791666666667
131.590 ,56.481 ,86.827 ,597.265 ,25.193940129189098,49.66805974799955,-5.997079343273324,2695,2544,7.643133E-3 ,2.091904E-3 ,48.499,144,51.502,1.878,143.504E-6 ,0.690,0.825,2.071,11.564,1.045 ,4.700,6.798,12.337,14.101,0.845203,0.215523,8.839 ,42.346979166666664
110.969 ,24.503 ,90.661 ,261.455 ,33.111860901076426,48.19429072876478,10.396503396006032,269,260,9.036575E-3 ,1.374607E-3 ,26.048,6,26.282,1.659,149.883E-6 ,0.694,0.745,2.081,10.167,0.977 ,3.834,5.511,8.501,11.501,0.878035,0.176490,11.516 ,3.370979166666667
148.736 ,76.504 ,92.680 ,501.224 ,31.838957276572355,54.88196579446726,5.313260625571412,381,361,6.865919E-3 ,2.593400E-3 ,37.885,14,44.220,2.031,139.474E-6 ,0.852,0.843,2.555,10.986,1.010 ,3.884,5.315,10.211,11.651,0.847388,0.228982,9.528 ,4.570979166666667
137.445 ,80.221 ,98.891 ,599.555 ,33.691291209460495,51.941953768058724,19.877342583350245,160,149,7.264703E-3 ,2.402997E-3 ,42.520,10,38.653,3.346,243.107E-6 ,1.522,1.616,4.566,14.143,1.409 ,5.558,9.805,14.981,16.675,0.795661,0.325963,7.574 ,2.5789791666666666
131.301 ,18.044 ,101.664 ,243.853 ,35.62790643350533,57.43151360441011,18.397981381584533,191,183,7.625347E-3 ,0.904144E-3 ,50.637,6,38.044,1.910,145.645E-6 ,0.844,0.950,2.533,13.096,1.262 ,5.309,8.064,14.328,15.928,0.852415,0.223339,9.686 ,3.1789791666666667
125.024 ,14.128 ,100.095 ,169.948 ,35.7261845793822,56.973063662483916,16.46754155804055,501,482,8.014373E-3 ,0.883966E-3 ,50.238,18,42.629,2.097,168.029E-6 ,0.886,0.940,2.657,11.745,1.108 ,4.747,6.951,12.892,14.241,0.857154,0.206568,10.011 ,8.458979166666667
139.692 ,33.771 ,102.207 ,476.298 ,38.99812001745654,58.84640827047033,17.03151367455969,946,915,7.177063E-3 ,1.303170E-3 ,39.207,27,43.424,1.822,130.793E-6 ,0.808,0.960,2.425,10.019,0.970 ,3.849,5.728,9.879,11.547,0.885101,0.165901,11.939 ,11.890979166666666
125.128 ,17.649 ,97.649 ,307.156 ,37.49475443546046,56.04684252451135,17.509023733470308,980,948,7.987801E-3 ,0.896559E-3 ,38.298,27,37.600,1.692,135.189E-6 ,0.690,0.811,2.071,10.750,1.019 ,4.325,6.550,10.960,12.974,0.876123,0.180299,10.965 ,13.666979166666666
129.370 ,18.082 ,98.042 ,197.971 ,35.775399984511274,56.70057307476946,16.13436353839657,575,551,7.732179E-3 ,1.033976E-3 ,48.574,23,47.814,2.076,160.485E-6 ,0.956,0.966,2.868,11.032,1.182 ,4.251,6.362,10.896,12.753,0.837455,0.244543,9.464 ,9.850979166666667
132.224 ,13.426 ,102.973 ,169.523 ,44.87962428698236,53.04513189982461,25.627176660283375,216,213,7.558384E-3 ,0.765898E-3 ,8.427,2,7.164,1.508,113.954E-6 ,0.717,0.758,2.150,9.694,0.997 ,3.988,5.646,10.005,11.964,0.914087,0.114638,13.141 ,1.8109791666666666
144.526 ,65.562 ,77.463 ,625.166 ,35.54705148385593,56.4378904193046,14.03510584769553,728,699,6.950773E-3 ,2.021845E-3 ,40.869,23,44.542,2.056,142.889E-6 ,0.923,1.076,2.768,11.649,1.077 ,4.548,6.725,10.911,13.644,0.867007,0.194091,10.942 ,9.010979166666667
172.223 ,37.551 ,74.552 ,281.080 ,44.46711796323612,57.20955730011433,20.848916102096982,119,114,5.813409E-3 ,1.515093E-3 ,30.435,4,40.146,3.873,225.160E-6 ,1.951,2.356,5.854,18.788,1.653 ,9.139,12.069,21.121,27.416,0.757484,0.357523,5.635 ,1.1869791666666667
145.989 ,39.836 ,66.960 ,495.636 ,40.71193568853805,56.06036388041589,16.548905821217147,1068,1033,6.875541E-3 ,1.498526E-3 ,29.266,24,32.981,2.628,180.678E-6 ,1.269,1.296,3.806,11.145,1.020 ,5.085,6.097,8.647,15.254,0.875508,0.182530,11.615 ,10.930979166666667
132.904 ,47.344 ,81.726 ,501.170 ,37.99083955173055,52.302036791731,17.050868289520803,229,222,7.558245E-3 ,1.435434E-3 ,29.008,6,34.108,1.729,130.662E-6 ,0.660,0.782,1.980,9.760,0.908 ,4.005,5.973,8.328,12.015,0.915838,0.107246,13.389 ,2.6509791666666667
166.937 ,95.531 ,111.722 ,582.711 ,35.92189554618057,50.249392623254195,15.771548723434144,173,163,6.107756E-3 ,2.359985E-3 ,19.718,4,22.935,3.346,204.376E-6 ,1.597,1.685,4.792,13.564,1.392 ,5.647,7.029,12.356,16.942,0.836187,0.240001,9.487 ,1.4509791666666667
129.352 ,21.984 ,80.312 ,245.774 ,34.169479313757996,53.853640220670584,-10.446699623127616,563,544,7.730353E-3 ,1.128540E-3 ,38.011,17,29.258,2.051,158.562E-6 ,0.841,0.936,2.522,10.482,0.971 ,4.453,5.918,10.486,13.360,0.891337,0.154631,12.309 ,7.378979166666666
133.805 ,43.375 ,75.507 ,505.733 ,40.54368943497191,58.64698856896082,18.950337114233918,1364,1319,7.510373E-3 ,1.472870E-3 ,27.960,33,31.289,2.381,178.802E-6 ,1.104,1.255,3.312,12.209,1.167 ,5.269,7.267,13.093,15.808,0.880808,0.171523,11.549 ,14.986979166666666
149.792 ,64.915 ,77.006 ,522.158 ,40.16878555186242,58.648369729351764,18.153798888734542,922,890,6.749001E-3 ,1.878406E-3 ,34.483,22,39.744,2.290,154.559E-6 ,1.064,1.108,3.191,10.754,1.035 ,4.919,6.056,9.405,14.756,0.876802,0.185267,11.829 ,10.186979166666667
138.629 ,60.284 ,75.081 ,598.521 ,39.023057383394,57.418319528033884,17.95433851214427,2068,1984,7.298861E-3 ,1.829234E-3 ,31.725,61,37.389,2.427,177.129E-6 ,1.084,1.237,3.251,12.062,1.173 ,5.236,7.343,13.360,15.708,0.860093,0.204761,10.368 ,23.458979166666666
146.999 ,74.079 ,93.981 ,595.881 ,35.03204397919052,57.30219342167506,13.518139714591843,1478,1415,6.861182E-3 ,2.208328E-3 ,50.140,51,54.171,2.497,171.330E-6 ,1.041,1.174,3.123,11.761,1.162 ,4.879,7.176,13.317,14.636,0.843124,0.234690,9.526 ,21.490979166666666
149.796 ,69.606 ,91.743 ,476.963 ,37.4860483742207,55.65898640618914,16.442390967275855,549,515,6.764282E-3 ,2.167802E-3 ,44.842,27,48.469,2.539,171.761E-6 ,0.863,0.913,2.589,12.048,1.146 ,4.065,6.460,12.278,12.196,0.843097,0.231475,9.290 ,7.018979166666667
174.555 ,92.741 ,74.157 ,500.265 ,45.090227670014976,61.423635223273,21.238010361094144,309,293,5.817820E-3 ,2.722875E-3 ,22.000,7,26.946,3.576,208.036E-6 ,1.336,1.714,4.007,12.076,1.158 ,5.461,7.819,13.431,16.382,0.833897,0.246803,9.092 ,2.5309791666666666
144.198 ,54.429 ,71.893 ,482.640 ,45.52108228822119,58.99288102565767,23.645751172408932,530,510,6.997909E-3 ,1.697226E-3 ,24.089,10,25.414,2.662,186.257E-6 ,1.248,1.175,3.744,10.580,0.958 ,4.459,5.231,9.322,13.378,0.875654,0.192589,12.377 ,4.978979166666667
144.155 ,45.271 ,75.352 ,482.314 ,41.13784195985151,57.41921691120339,17.657907892211714,725,697,6.971221E-3 ,1.529946E-3 ,37.002,21,41.693,3.041,211.968E-6 ,1.494,1.453,4.482,11.928,1.152 ,5.681,6.528,8.848,17.044,0.864271,0.204999,11.004 ,8.578979166666667
151.671 ,65.042 ,67.098 ,567.016 ,41.772299725922785,59.964710556411596,20.084091856937057,760,735,6.675183E-3 ,2.042981E-3 ,27.520,20,31.592,3.108,207.442E-6 ,1.447,1.493,4.340,13.287,1.177 ,6.221,6.935,10.037,18.662,0.876190,0.180218,11.094 ,7.378979166666666
147.244 ,60.110 ,71.100 ,461.942 ,38.74801588205407,59.9515652508225,9.615838646795009,770,739,6.857829E-3 ,2.026092E-3 ,36.748,22,38.467,2.951,202.357E-6 ,1.312,1.459,3.935,12.658,1.231 ,5.509,7.021,10.386,16.528,0.861533,0.201934,10.516 ,9.010979166666667
121.075 ,24.450 ,87.139 ,436.044 ,35.857218711765896,59.809083886072784,16.06957504342859,672,633,8.250613E-3 ,1.290453E-3 ,56.313,35,61.100,2.202,181.675E-6 ,0.915,1.044,2.746,11.661,1.124 ,4.854,7.118,12.117,14.563,0.826316,0.259077,8.528 ,13.810979166666666
130.283 ,34.878 ,85.699 ,201.957 ,43.20734417583047,61.972978461073104,20.518920148993285,79,75,7.867006E-3 ,2.185607E-3 ,42.727,3,33.347,3.696,290.733E-6 ,1.591,1.800,4.774,14.898,1.583 ,7.354,6.701,10.460,22.061,0.643781,0.622132,2.802 ,1.1389791666666667
196.165 ,44.050 ,84.836 ,246.414 ,52.65703515413367,67.4255280500232,24.12072435042381,91,88,5.136573E-3 ,1.443732E-3 ,43.023,2,16.987,1.696,87.128E-6 ,0.741,0.769,2.222,11.037,1.047 ,4.528,5.474,12.158,13.585,0.856909,0.182807,8.708 ,0.8989791666666667
160.901 ,25.991 ,88.604 ,226.021 ,52.201737960758464,65.49005510016597,31.069262383562815,279,272,6.216709E-3 ,1.009242E-3 ,29.856,5,12.628,1.968,122.333E-6 ,0.865,1.025,2.594,11.808,1.083 ,4.131,7.427,15.115,12.392,0.880955,0.166391,10.840 ,2.818979166666667
152.952 ,56.739 ,70.083 ,529.583 ,51.29665585006718,66.82027885022636,24.783336240588703,1309,1264,6.584403E-3 ,1.949932E-3 ,29.356,32,32.862,3.255,214.309E-6 ,1.540,1.601,4.619,11.671,1.092 ,5.163,6.701,9.997,15.488,0.852181,0.218014,10.166 ,12.778979166666666
158.378 ,44.883 ,74.382 ,288.765 ,49.064024929486,65.39910639526974,25.144016077622574,306,299,6.319435E-3 ,1.708498E-3 ,27.622,6,33.190,3.100,195.913E-6 ,1.459,1.688,4.377,11.906,1.005 ,6.039,7.230,9.815,18.117,0.866699,0.200653,11.020 ,2.890979166666667
136.627 ,25.150 ,71.973 ,234.878 ,50.364821224561375,65.9126757311764,22.611091609395526,610,598,7.347213E-3 ,1.282430E-3 ,23.754,8,25.182,2.700,198.342E-6 ,1.291,1.411,3.874,12.306,1.120 ,5.456,6.908,9.882,16.369,0.873686,0.185353,11.281 ,6.058979166666667
133.939 ,29.155 ,71.245 ,322.668 ,38.4606818610178,67.17735223813261,18.017287634031057,538,519,7.466516E-3 ,1.323350E-3 ,62.387,17,64.246,2.317,172.998E-6 ,0.932,0.968,2.796,11.916,1.042 ,4.848,6.814,10.796,14.544,0.888710,0.156820,11.988 ,11.098979166666666
128.413 ,55.346 ,92.000 ,538.292 ,51.14669630056191,68.29449317174218,24.310448529343482,280,266,7.830527E-3 ,2.140381E-3 ,48.253,12,53.790,1.799,140.890E-6 ,0.844,0.902,2.533,11.962,1.119 ,5.821,7.255,10.384,17.463,0.793806,0.310047,7.374 ,4.618979166666667
140.903 ,59.930 ,97.619 ,592.997 ,41.18704452643041,65.66453120735316,23.292532119438818,919,878,7.157252E-3 ,1.843340E-3 ,55.170,35,59.409,2.193,156.975E-6 ,1.005,1.079,3.015,10.749,1.052 ,4.632,6.194,8.689,13.895,0.851384,0.221241,10.358 ,15.898979166666667
122.152 ,10.922 ,101.042 ,192.155 ,42.16583215834291,62.73316182382853,21.989818497285714,576,558,8.180263E-3 ,0.733174E-3 ,47.629,15,52.357,1.957,160.099E-6 ,0.906,0.983,2.717,9.714,0.993 ,4.167,6.058,10.438,12.501,0.859807,0.206139,10.325 ,9.730979166666666
126.788 ,27.523 ,89.341 ,381.458 ,41.246333831311254,64.79956548248781,22.8133873308562,1490,1426,7.885416E-3 ,1.356176E-3 ,51.993,59,58.214,2.245,177.032E-6 ,1.038,1.128,3.113,11.713,1.167 ,4.619,7.098,13.433,13.856,0.840972,0.238286,9.616 ,27.130979166666666
126.139 ,36.638 ,76.947 ,596.393 ,40.505441498968615,64.88796800368318,20.543279536950664,1737,1669,7.962395E-3 ,1.475316E-3 ,52.884,62,55.149,2.210,176.004E-6 ,0.955,1.087,2.865,11.280,1.143 ,4.537,6.850,12.640,13.612,0.844027,0.231355,9.489 ,30.898979166666667
112.024 ,11.687 ,77.383 ,148.260 ,41.18966707520395,59.922713683689715,23.940146785338325,357,343,8.932691E-3 ,0.910030E-3 ,36.807,13,47.709,2.581,230.572E-6 ,1.099,1.273,3.298,13.538,1.312 ,5.318,8.223,13.925,15.953,0.821096,0.265574,8.227 ,5.986979166666667
132.094 ,62.661 ,93.755 ,446.872 ,38.40231212453623,57.38130567181518,23.797674146032556,122,109,7.553601E-3 ,2.306731E-3 ,53.650,9,34.812,3.336,251.995E-6 ,1.400,1.380,4.201,14.697,1.399 ,5.926,6.101,7.774,17.779,0.761567,0.369672,6.108 ,2.7709791666666668
135.664 ,38.524 ,102.031 ,584.550 ,41.853277275735856,63.690675707849856,18.971643971753238,716,695,7.447270E-3 ,1.330546E-3 ,44.668,17,47.308,2.342,174.438E-6 ,1.044,1.190,3.132,11.024,1.162 ,4.253,7.035,13.351,12.759,0.861020,0.208289,10.435 ,9.970979166666666
166.767 ,108.724 ,113.586 ,595.371 ,39.56097479409306,59.77575867358727,21.703288511696883,140,134,6.083215E-3 ,2.250802E-3 ,51.546,4,55.059,1.947,118.430E-6 ,0.885,0.969,2.656,10.707,1.097 ,3.910,6.803,14.522,11.729,0.855671,0.220425,9.924 ,1.9789791666666667
124.650 ,25.857 ,97.485 ,353.492 ,39.225019549877004,60.07529195636566,19.69813077671355,639,611,8.047332E-3 ,1.211830E-3 ,47.954,23,51.030,2.238,180.125E-6 ,1.041,1.098,3.122,10.856,1.118 ,4.645,6.248,10.251,13.935,0.847662,0.228591,9.953 ,10.546979166666667
133.927 ,77.516 ,100.101 ,597.205 ,39.098921829723224,60.1286086417997,20.875242788483344,571,545,7.532659E-3 ,2.253896E-3 ,52.495,23,56.048,1.820,137.064E-6 ,0.692,0.842,2.075,12.291,1.181 ,5.032,7.348,13.360,15.096,0.843843,0.226507,9.364 ,9.658979166666667
128.392 ,35.097 ,75.357 ,482.078 ,37.64930454644607,61.27364836510159,16.79870830785905,898,850,7.795794E-3 ,1.445344E-3 ,54.235,43,61.118,2.159,168.333E-6 ,0.933,1.107,2.798,11.523,1.150 ,4.808,7.580,12.833,14.425,0.840654,0.234990,9.296 ,17.62697916666667
124.262 ,23.021 ,86.950 ,347.533 ,35.72406908081266,60.69162778127034,16.996658902764246,905,868,8.052147E-3 ,1.206399E-3 ,56.874,35,60.898,2.181,175.657E-6 ,0.955,1.034,2.865,12.965,1.211 ,5.072,7.974,14.442,15.216,0.843043,0.222649,9.052 ,18.658979166666665
122.301 ,39.053 ,96.127 ,576.434 ,33.13836674311038,57.187277139055595,-0.6303199049826304,380,357,8.213887E-3 ,1.340815E-3 ,61.625,19,38.004,1.956,160.683E-6 ,0.874,1.001,2.623,10.765,1.051 ,4.602,7.131,12.356,13.807,0.838497,0.243552,9.630 ,8.890979166666666
164.861 ,32.271 ,113.608 ,207.016 ,35.56903149836819,65.64231615253897,24.348055193686893,42,38,6.212012E-3 ,1.492586E-3 ,86.449,2,5.030,5.146,319.656E-6 ,2.017,2.147,6.051,11.938,1.097 ,5.867,5.991,10.582,17.601,0.734407,0.410798,5.129 ,2.1709791666666667
160.993 ,31.252 ,90.030 ,344.097 ,55.50447055349846,68.95918335349924,32.66666088888165,361,352,6.233144E-3 ,1.215100E-3 ,16.906,8,19.075,2.155,134.314E-6 ,0.940,1.075,2.821,11.336,1.076 ,3.784,6.715,13.614,11.352,0.885785,0.151923,10.918 ,2.818979166666667
122.279 ,17.743 ,75.548 ,257.581 ,44.90653244915179,66.70389651917448,23.246391624054347,899,865,8.187802E-3 ,1.055782E-3 ,46.527,30,50.586,2.058,168.498E-6 ,0.888,1.009,2.664,11.542,1.105 ,4.501,7.144,14.342,13.502,0.858715,0.202966,10.210 ,14.866979166666667
114.523 ,16.174 ,75.213 ,172.296 ,44.016645288348904,62.0879820489127,28.504413478431978,282,264,8.693185E-3 ,1.288000E-3 ,33.195,16,43.027,2.445,212.528E-6 ,1.112,1.181,3.335,12.727,1.241 ,5.625,7.867,12.179,16.874,0.802345,0.305353,8.292 ,4.858979166666667
126.290 ,16.397 ,99.516 ,241.980 ,45.09702197495476,65.99565189949546,25.34238963053373,492,476,7.919037E-3 ,0.966171E-3 ,47.912,14,53.128,1.828,144.798E-6 ,0.756,0.873,2.267,11.134,1.127 ,4.246,6.109,11.706,12.737,0.867757,0.191703,10.350 ,8.170979166666667
128.611 ,27.684 ,76.200 ,328.111 ,46.52582693473764,67.2216431982025,24.270121720062463,472,454,7.801197E-3 ,1.456554E-3 ,38.725,17,44.440,2.659,207.453E-6 ,1.101,1.231,3.304,14.760,1.315 ,6.066,10.143,19.060,18.199,0.825462,0.255266,8.387 ,6.4669791666666665
119.927 ,21.075 ,90.700 ,272.670 ,43.35693450337951,61.71831932868467,25.792785885716523,444,429,8.327929E-3 ,1.185343E-3 ,44.615,12,41.742,2.035,169.463E-6 ,0.886,1.063,2.657,10.617,1.115 ,3.818,6.028,11.030,11.455,0.861236,0.201091,10.541 ,7.186979166666666
134.762 ,38.897 ,76.052 ,471.253 ,43.03381742602946,66.51757713985259,21.39408118649505,570,548,7.440204E-3 ,1.623995E-3 ,46.604,18,44.743,2.168,161.295E-6 ,1.023,1.078,3.068,11.881,1.117 ,4.579,6.655,11.357,13.736,0.867975,0.190408,10.987 ,8.578979166666667
145.476 ,53.397 ,93.584 ,440.238 ,42.948947678804686,63.051784266178075,25.21002966932536,222,211,7.020423E-3 ,1.683319E-3 ,46.497,7,32.897,3.227,226.560E-6 ,1.597,1.558,4.790,12.501,1.115 ,6.230,8.680,9.990,18.691,0.810806,0.297216,8.591 ,3.1789791666666667
119.817 ,20.634 ,97.820 ,464.053 ,43.46975348103494,60.28067725364089,21.461701618530324,1197,1152,8.349114E-3 ,0.872130E-3 ,38.914,43,40.957,2.032,169.674E-6 ,0.835,0.988,2.505,10.941,1.120 ,4.348,6.425,12.108,13.045,0.855933,0.214286,10.126 ,17.890979166666668
134.121 ,49.723 ,95.521 ,421.834 ,43.12335520887991,61.98683725882076,24.52395219410306,569,542,7.553211E-3 ,1.694280E-3 ,40.731,17,35.892,2.397,181.033E-6 ,1.030,1.085,3.089,11.483,1.147 ,4.674,7.299,11.757,14.023,0.846866,0.228197,9.927 ,7.690979166666667
128.101 ,24.022 ,75.054 ,222.932 ,37.02091465022817,66.01726339012161,-5.692544089001577,664,635,7.809733E-3 ,1.343851E-3 ,62.171,26,61.696,2.062,161.053E-6 ,0.842,1.023,2.525,12.465,1.211 ,4.698,6.967,13.624,14.095,0.847867,0.222398,9.524 ,14.866979166666667
148.781 ,4.823 ,133.239 ,155.851 ,40.11404527651774,66.89846646366374,19.70045358377397,67,66,6.731960E-3 ,0.270923E-3 ,74.874,0,0,1.149,77.333E-6 ,0.505,0.492,1.515,7.802,0.887 ,3.288,4.169,5.996,9.864,0.915282,0.145017,15.072 ,2.0269791666666666
153.649 ,54.487 ,109.624 ,538.061 ,52.62788148741281,74.8977388894013,28.35363829035134,492,476,6.546336E-3 ,1.590379E-3 ,38.676,12,40.224,1.774,116.107E-6 ,0.778,0.886,2.334,11.192,1.044 ,4.382,6.889,11.043,13.147,0.880959,0.164252,11.542 ,5.770979166666667
151.595 ,34.307 ,115.416 ,310.231 ,47.15292307451924,71.01381814812896,27.28154984197188,142,136,6.642986E-3 ,1.242300E-3 ,55.752,5,58.128,2.431,161.484E-6 ,1.268,1.288,3.803,9.669,1.066 ,3.684,5.352,13.930,11.051,0.857037,0.202940,10.299 ,2.290979166666667
135.929 ,43.427 ,76.077 ,454.419 ,49.23607449443786,71.97006705420992,29.577979314542556,568,548,7.388072E-3 ,1.668005E-3 ,50.868,17,47.323,2.468,182.309E-6 ,1.117,1.249,3.350,12.335,1.178 ,5.623,7.903,13.106,16.869,0.851070,0.218964,10.051 ,9.250979166666667
122.187 ,24.339 ,76.444 ,378.250 ,49.783636057774444,67.39597756850176,30.528997052217438,415,397,8.165872E-3 ,1.152145E-3 ,39.580,13,43.935,2.250,183.693E-6 ,1.042,1.184,3.125,10.050,1.072 ,4.060,6.410,10.851,12.179,0.873381,0.177439,11.409 ,6.226979166666666
122.169 ,24.764 ,92.615 ,244.864 ,41.70158341054131,71.7631055864857,24.005637134268312,260,241,8.212376E-3 ,1.463724E-3 ,70.023,17,53.969,3.363,276.222E-6 ,1.490,1.697,4.471,13.156,1.252 ,5.465,8.026,19.701,16.395,0.780370,0.333494,6.538 ,8.770979166666667
120.720 ,10.196 ,100.319 ,149.077 ,39.301181419696654,66.80967282811628,23.797499648893794,117,109,8.318735E-3 ,0.785344E-3 ,75.314,7,39.169,3.259,271.079E-6 ,1.383,1.791,4.148,12.997,1.143 ,5.546,8.695,11.914,16.639,0.783215,0.356711,7.413 ,4.810979166666667
153.762 ,29.822 ,76.568 ,262.523 ,51.76878180813346,74.29635378283959,30.832396791759308,365,352,6.527864E-3 ,1.253992E-3 ,50.584,12,54.711,1.893,123.552E-6 ,0.842,0.903,2.527,10.954,1.189 ,4.643,5.849,10.385,13.930,0.871819,0.178162,10.741 ,5.170979166666666
140.963 ,26.787 ,75.428 ,215.934 ,53.009010576675166,72.65109775564689,30.138544945037467,484,471,7.109737E-3 ,1.423931E-3 ,41.148,12,44.537,2.050,145.739E-6 ,0.890,1.124,2.669,11.450,1.112 ,4.195,7.127,14.712,12.584,0.869474,0.194105,10.884 ,6.130979166666667
130.778 ,42.461 ,74.458 ,548.854 ,49.631851586391534,72.85810523308703,26.86899133927065,1035,987,7.725849E-3 ,1.609263E-3 ,46.323,40,46.016,2.298,177.534E-6 ,0.963,1.079,2.889,12.302,1.193 ,4.736,7.676,13.413,14.209,0.852229,0.211225,9.769 ,15.946979166666667
133.381 ,34.066 ,85.890 ,584.203 ,50.196867291777465,69.6313060832168,28.55858081656493,1065,1026,7.537012E-3 ,1.203829E-3 ,43.186,28,43.647,2.014,151.817E-6 ,0.908,1.072,2.723,11.603,1.098 ,4.653,6.821,12.188,13.958,0.865233,0.197730,10.679 ,15.226979166666666
130.620 ,40.213 ,75.155 ,563.185 ,53.13701466787044,71.44283776176181,28.67019704756831,471,457,7.683120E-3 ,1.494132E-3 ,32.909,13,27.680,2.026,155.696E-6 ,0.855,1.044,2.565,11.764,1.123 ,4.603,6.924,12.810,13.810,0.889133,0.154037,11.611 ,5.530979166666667
128.760 ,51.547 ,98.277 ,570.643 ,46.65514312365652,70.74460180383622,26.853451131722544,794,760,7.809927E-3 ,1.809317E-3 ,52.051,28,53.717,2.336,182.428E-6 ,1.047,1.216,3.140,12.234,1.168 ,4.882,7.536,15.359,14.647,0.844502,0.229457,9.698 ,14.170979166666667
137.702 ,47.591 ,76.147 ,598.853 ,51.82898965907844,69.21945024654673,29.94675643117469,667,648,7.292263E-3 ,1.612413E-3 ,34.062,14,38.332,2.300,167.726E-6 ,1.077,1.276,3.232,11.808,1.110 ,4.750,7.538,15.023,14.249,0.870439,0.196342,11.113 ,7.810979166666667
120.691 ,31.729 ,79.548 ,510.048 ,44.03547448987456,66.06786712297897,-6.225646701435639,740,707,8.309688E-3 ,1.225527E-3 ,53.324,30,39.656,2.417,200.815E-6 ,1.078,1.255,3.233,12.128,1.224 ,5.084,6.825,9.477,15.251,0.822480,0.273019,8.808 ,14.170979166666667
154.532 ,19.833 ,114.348 ,210.486 ,61.01987262703337,73.94955501268441,37.60888514570498,256,250,6.477179E-3 ,0.803105E-3 ,21.525,5,23.637,1.716,111.151E-6 ,0.708,0.713,2.124,9.348,0.881 ,3.623,5.746,10.530,10.870,0.912786,0.115413,13.206 ,2.2669791666666668
135.529 ,55.053 ,95.317 ,462.428 ,47.940406290853154,73.08539017561952,26.76902168599156,1036,998,7.453479E-3 ,1.792829E-3 ,54.443,30,47.703,2.327,173.430E-6 ,1.098,1.218,3.295,11.111,1.107 ,4.468,6.830,10.931,13.404,0.846369,0.235128,10.307 ,17.818979166666665
130.051 ,38.275 ,69.987 ,563.968 ,55.08552260444765,75.00754097251533,33.74645781348055,1550,1490,7.743673E-3 ,1.515610E-3 ,35.899,49,40.271,2.115,163.790E-6 ,0.941,1.009,2.823,11.674,1.118 ,4.506,6.824,13.305,13.519,0.860987,0.202469,10.292 ,19.786979166666665
113.801 ,11.292 ,93.232 ,145.172 ,52.17848700509619,68.91161330041818,34.97933356910182,221,214,8.789352E-3 ,0.893986E-3 ,28.523,6,29.784,1.957,172.005E-6 ,0.989,1.082,2.966,12.026,1.172 ,4.806,8.168,13.969,14.419,0.845006,0.213745,9.021 ,3.0109791666666665
135.464 ,18.897 ,93.421 ,178.092 ,48.99970178679934,71.89538804561187,32.08184248618733,104,100,7.374339E-3 ,1.178279E-3 ,60.435,3,13.507,3.484,256.949E-6 ,1.813,2.184,5.439,13.341,1.306 ,6.344,8.258,13.753,19.033,0.800328,0.332665,7.989 ,2.338979166666667
191.439 ,34.250 ,76.113 ,269.119 ,58.59927677725613,80.47191380800102,30.139766597591557,734,715,5.225618E-3 ,1.130003E-3 ,48.843,17,49.917,2.197,114.798E-6 ,1.037,1.114,3.112,9.930,0.940 ,3.432,5.057,8.334,10.296,0.875768,0.174407,10.924 ,7.810979166666667
164.235 ,15.525 ,78.127 ,183.245 ,62.86459257202432,77.77548624633759,40.47069427906887,63,61,5.990872E-3 ,0.310748E-3 ,38.571,0,0,2.521,151.015E-6 ,1.446,1.277,4.338,5.261,0.600 ,1.998,3.419,6.418,5.994,0.904787,0.135211,12.525 ,0.7309791666666666
